293 568
145 1103
701 5006
2828 6453
1 1740
1 6461
4592 7018
10851 11354
1103 7170
1239 4550
701 1239
1 7018
2685 2686
7018 10851
209 293
267 1225
286 4200
7018 7806
1 7170
701 1740
1653 1880
1740 2497
293 701
6988 7018
3561 11277
1673 4200
2914 3561
3561 4129
8047 11090
2497 2548
7018 11560
1 1800
1239 2685
568 721
2828 4908
2914 7806
145 2603
1225 1325
1755 2686
3300 6905
701 13375
2497 5696
701 702
7018 11806
2686 2905
1 293
5696 11268
7018 11937
3561 8143
2914 7018
7018 11729
4550 11937
1225 2914
2914 7170
1239 3561
1673 2914
6301 7018
6470 7018
5459 6461
209 2828
286 701
7018 8074
701 3561
7018 11902
293 2914
1239 11354
1325 1673
1755 6461
6453 8143
701 10851
3333 6905
1239 1740
701 7260
1239 6461
2548 11397
2685 2692
293 1239
3561 6453
1239 7018
7170 11537
6580 7018
5696 6461
209 11021
145 1742
701 6461
7018 8143
2686 5459
2685 3561
286 1673
1103 6453
568 1239
701 7018
3561 8074
1 2914
209 286
1 6453
1755 1800
1673 2548
1 2828
1455 7170
3561 8047
1673 2685
7018 12163
721 1455
1239 1800
145 7170
1 209
293 2685
286 2914
701 11729
1740 7018
7018 10947
286 2497
1673 5696
1 701
1 6301
701 1755
2685 7018
3561 4908
4969 6461
7018 11090
6433 7018
1653 2603
7018 12045
2497 3561
6461 7018
3561 11895
701 13625
701 8074
701 11902
1 11015
1 286
1239 4200
1849 2686
701 13832
293 3561
209 1239
2033 4969
7018 9430
1 2685
1 1673
80 701
145 293
2497 6461
7018 11021
11359 11662
701 4200
7018 7462
3561 5006
1673 1740
2548 3561
568 3561
701 8143
7018 13578
7018 11015
2828 6461
286 2548
7018 11134
293 1740
7018 10656
6140 6198
293 6461
1755 1880
2828 7018
7018 11810
701 11847
286 5459
1239 6580
7260 10656
293 7018
1 5006
7018 11812
286 5696
145 11537
2686 3333
1 1239
1239 6453
1239 2828
1 11354
2685 3082
7018 11516
286 3333
701 2914
701 12045
7018 11397
286 3561
701 2497
701 6453
701 2828
1740 11560
3561 11134
4200 11383
1239 8074
701 4592
6198 12121
6453 9430
4129 7018
3300 7018
701 1225
1673 3561
1 7914
209 3561
1239 11021
568 1800
234 1225
701 6301
7018 13391
286 1740
286 6461
2685 2914
196 1740
1740 2828
2685 2828
7018 12121
7018 11383
2828 4200
196 7018
701 6198
1673 6461
209 1740
1239 1673
701 11959
7018 7170
1239 11812
5006 11812
1103 3333
701 11810
701 1673
702 1849
7018 13375
1755 2914
1 3561
7018 11268
3561 6461
2497 2914
1239 11359
1800 2548
1239 2497
3561 7018
