27 67
9 70
67 13
30 31
77 75
61 78
7 13
34 36
29 13
28 13
28 4
49 52
30 34
20 23
24 18
20 22
52 73
19 70
47 1
32 1
7 8
12 13
13 4
20 10
49 46
68 54
2 47
49 51
61 51
65 50
48 13
37 22
66 77
14 20
43 13
43 4
34 35
50 73
67 59
11 21
5 63
66 76
40 42
66 47
11 24
41 69
41 46
11 12
6 47
3 6
14 58
25 16
31 44
15 16
6 36
64 33
42 4
11 20
39 41
62 63
46 1
46 63
32 46
5 33
9 72
30 32
16 13
5 47
31 2
2 46
14 55
44 47
14 56
5 36
42 48
8 10
11 23
73 66
6 35
11 22
17 18
25 13
68 8
18 41
15 13
57 59
30 33
20 55
63 1
31 5
41 6
3 2
0 1
26 27
52 50
69 44
66 46
46 78
61 63
7 12
71 72
52 74
61 66
0 2
50 76
3 5
54 8
7 9
60 61
0 4
27 13
16 4
32 45
65 66
14 59
39 40
48 49
62 64
63 47
25 4
27 57
15 4
71 8
11 8
19 9
7 11
49 50
20 21
24 54
7 10
50 77
64 44
7 14
37 21
37 38
14 57
41 5
17 19
49 53
17 9
6 45
52 53
39 42
9 52
65 63
50 75
0 3
