33 118
196 53
1 106
77 78
127 164
299 196
3 155
57 149
129 124
204 24
277 152
40 42
203 25
188 72
73 76
21 20
18 6
164 124
21 91
79 23
138 286
212 24
4 250
121 32
21 25
54 10
127 174
24 114
278 178
280 281
84 302
79 130
196 261
196 302
60 185
108 216
48 49
69 151
74 238
32 254
242 54
237 76
187 72
85 298
30 122
300 196
74 235
4 258
297 178
126 84
21 2
160 11
11 172
75 236
189 72
308 32
36 27
11 164
223 296
21 18
20 95
84 54
27 99
97 23
137 57
21 97
25 108
127 162
69 32
32 122
127 163
75 272
11 174
88 26
4 117
4 121
27 78
227 32
175 138
21 102
224 76
53 54
69 146
293 307
1 92
78 23
289 54
23 214
109 215
138 287
57 145
152 14
257 34
168 306
287 200
107 79
78 130
203 26
76 85
4 116
32 251
18 101
74 76
79 218
219 215
23 24
41 314
23 206
3 60
78 26
137 138
20 100
128 155
230 197
4 256
123 126
38 132
128 173
20 19
4 152
260 261
24 198
123 11
3 61
182 34
29 120
33 120
37 38
181 157
222 263
168 263
4 57
168 76
248 54
19 24
147 250
1 101
76 223
25 213
79 108
179 178
36 25
38 133
228 32
191 27
128 169
126 170
34 250
21 1
79 217
80 81
8 244
285 85
223 305
98 5
87 74
25 101
192 27
139 57
21 106
58 60
77 79
26 200
119 31
1 90
181 155
195 85
58 61
67 68
109 219
26 212
199 25
34 258
50 41
69 142
257 228
1 105
13 15
127 171
21 103
78 218
259 177
170 124
28 30
69 149
214 24
110 27
176 178
171 124
292 85
126 165
17 19
37 39
178 14
265 85
128 220
23 198
34 121
34 117
294 152
224 222
256 32
21 6
1 20
221 25
128 89
127 159
173 124
78 108
264 84
27 204
51 53
21 96
249 196
259 152
74 24
70 34
78 217
20 93
155 288
24 213
79 81
29 119
4 251
4 253
36 26
201 25
199 23
5 93
129 126
63 64
73 74
253 32
129 11
86 4
19 274
300 85
128 170
1 18
289 84
21 92
120 31
39 135
192 25
39 226
113 27
85 53
39 136
307 267
162 124
130 225
74 197
0 2
199 26
3 156
302 54
53 52
57 146
152 296
27 208
9 8
1 102
85 302
1 23
27 210
32 120
27 199
284 24
57 24
82 84
76 236
17 5
128 165
69 143
12 1
239 25
17 21
21 101
78 81
25 24
25 206
30 116
27 200
119 32
127 72
138 200
69 139
27 212
222 303
192 23
22 27
41 295
210 24
91 18
4 255
194 11
109 245
201 26
259 14
167 124
205 24
40 44
95 19
89 25
17 1
20 104
34 16
11 39
197 26
46 152
300 103
128 167
192 26
88 25
26 211
18 93
113 25
28 33
5 104
28 31
83 54
11 223
196 54
140 57
127 161
157 288
283 84
127 169
11 72
239 23
34 251
34 253
26 207
0 1
60 189
289 196
126 85
131 39
166 124
1 103
60 25
126 222
45 42
57 143
21 53
301 196
38 131
278 177
11 158
51 52
259 179
25 198
32 6
313 2
154 133
193 241
69 11
172 124
128 25
228 271
297 177
118 4
11 161
35 3
88 23
4 120
11 109
74 236
22 25
113 23
137 147
127 57
183 72
1 96
95 5
108 291
127 89
0 6
123 127
108 215
126 124
278 152
75 196
20 90
203 23
222 305
113 26
118 32
127 60
109 108
203 24
285 54
297 152
126 158
128 125
109 217
0 9
34 255
219 108
27 205
195 54
5 105
153 200
152 305
38 135
126 172
125 263
69 140
177 296
273 25
26 214
126 164
175 145
128 23
127 166
79 109
243 84
22 23
11 162
137 150
283 196
4 147
63 65
292 54
26 24
34 269
26 206
126 174
27 211
99 25
45 46
265 54
296 305
28 32
8 19
137 145
108 81
22 26
200 286
97 5
179 177
27 207
64 241
18 27
127 14
26 209
32 252
211 24
74 54
60 187
4 254
145 24
54 261
47 34
11 166
34 270
137 144
163 11
28 29
8 2
109 81
59 61
273 23
57 14
23 208
100 19
309 196
40 43
126 162
18 95
278 14
79 216
300 54
26 124
137 139
23 210
2 10
264 85
20 102
179 152
78 109
249 62
27 203
129 127
17 20
23 5
297 14
15 267
242 84
247 248
1 98
99 23
177 178
197 76
27 25
5 102
127 11
128 172
153 138
65 267
29 121
33 121
1 95
128 178
36 23
60 184
128 164
29 117
299 85
40 16
34 177
65 266
152 311
19 5
26 198
51 54
23 212
1 53
123 125
99 26
228 250
45 16
238 76
117 31
257 76
301 85
63 15
19 93
11 171
75 234
33 119
128 174
56 57
17 18
176 152
275 276
34 116
243 196
18 100
39 224
20 94
199 24
69 152
191 25
8 84
57 68
189 262
34 256
269 296
85 54
78 216
107 108
280 50
296 311
69 57
30 120
82 85
122 31
208 24
127 25
5 94
137 151
42 41
20 106
27 23
75 232
15 293
0 8
84 301
1 19
125 124
4 252
110 25
221 24
197 32
5 106
159 139
126 171
55 53
118 34
203 139
34 254
179 14
21 99
245 108
44 152
250 115
127 125
201 24
257 32
191 23
126 11
42 193
137 146
125 172
13 16
109 24
25 2
74 177
26 213
225 76
192 24
145 286
283 85
29 122
33 122
127 173
231 54
191 26
294 295
19 104
18 5
219 24
45 44
109 157
125 174
207 24
57 141
110 23
127 168
129 125
20 92
84 300
204 25
21 98
18 94
25 208
40 41
4 32
34 228
84 76
51 5
1 5
147 278
110 26
277 14
21 95
117 32
5 92
25 210
275 178
51 21
1 93
108 218
11 173
84 299
277 178
18 106
25 5
75 233
13 4
23 211
268 14
75 108
276 223
250 271
108 290
145 287
287 146
137 142
20 101
205 26
23 207
25 212
62 310
137 149
113 114
11 169
96 5
88 24
178 223
113 24
31 116
204 23
5 101
108 217
69 68
3 154
223 269
67 69
21 100
3 59
19 90
209 24
70 32
21 19
126 173
196 2
20 105
243 85
269 305
142 57
19 105
225 222
75 238
204 26
38 128
89 124
276 178
253 282
18 104
75 235
127 170
51 55
39 134
222 304
28 4
38 136
60 186
27 213
126 169
49 266
168 304
76 234
74 75
11 89
264 54
18 92
109 216
225 197
190 72
58 59
27 201
3 62
260 156
22 24
38 130
147 32
130 76
60 183
1 104
294 296
57 138
152 16
60 72
57 150
6 10
4 178
38 39
137 69
18 111
25 170
299 54
74 237
127 165
0 3
76 232
137 148
11 170
247 62
4 119
71 72
301 54
128 72
69 23
242 85
75 76
69 141
137 143
109 246
4 115
268 269
58 62
128 124
21 5
126 89
57 144
48 50
113 115
34 120
266 281
21 93
26 208
6 54
0 10
19 102
128 158
267 41
82 83
23 26
127 167
72 185
18 90
176 177
23 209
11 165
21 94
99 24
247 249
84 298
18 105
196 298
128 109
33 117
178 305
72 186
88 89
8 85
79 215
36 24
123 128
289 85
126 166
270 308
107 109
25 211
153 286
153 145
74 234
259 178
0 4
18 20
33 116
203 89
203 216
29 116
0 11
11 167
19 94
4 257
25 207
255 32
177 152
285 84
180 181
58 3
309 310
27 214
128 152
231 196
34 147
46 296
283 54
145 200
195 84
206 24
19 106
1 100
27 24
27 206
57 151
74 232
76 233
240 125
128 162
138 24
1 25
298 54
130 197
20 103
292 84
19 103
78 215
34 119
74 130
87 75
21 104
79 219
121 31
265 84
27 209
0 7
147 279
127 128
126 167
123 124
153 287
5 103
223 14
182 4
63 66
18 102
11 25
27 197
25 284
88 27
69 150
18 112
38 134
191 24
306 303
152 312
12 5
205 25
181 229
125 169
128 166
159 194
222 168
275 223
228 147
27 124
60 188
60 190
8 6
137 140
32 258
18 26
30 121
155 157
176 14
87 76
13 14
129 128
7 10
25 214
28 34
39 225
110 24
177 14
296 312
11 125
124 174
118 31
75 225
39 133
107 78
69 144
19 92
30 119
25 114
25 23
27 198
78 219
126 25
227 228
285 196
23 213
62 309
27 202
165 124
58 8
88 68
169 124
243 54
74 178
158 124
73 75
3 157
127 124
195 196
205 23
25 26
128 171
0 5
21 90
25 209
277 177
137 141
74 233
1 94
32 116
21 105
127 158
69 153
210 26
70 4
18 103
237 75
292 196
3 72
19 101
127 160
176 179
128 126
126 125
38 126
128 11
34 252
265 196
75 152
127 172
