3 6
43 46
22 93
43 44
43 34
12 61
22 94
34 106
73 34
28 22
22 96
43 45
89 90
54 51
15 16
73 103
30 32
12 62
84 44
107 93
6 100
73 102
57 59
2 79
20 1
22 95
99 5
19 5
1 82
6 62
16 102
43 18
68 5
87 6
3 4
61 73
40 45
11 12
2 81
55 22
35 52
29 22
71 52
102 103
70 44
48 5
65 22
46 42
63 22
46 41
69 5
2 80
44 34
21 22
62 72
46 75
50 52
23 22
51 53
61 8
18 34
10 101
58 18
71 26
46 52
34 41
50 53
78 2
40 46
0 1
51 26
36 35
40 44
40 34
34 75
35 31
35 33
24 18
66 10
1 83
20 2
30 31
30 33
13 14
102 75
10 62
5 102
9 10
43 42
86 34
30 35
43 41
2 82
40 18
37 5
57 58
22 92
22 52
52 26
57 60
7 8
38 31
40 43
61 62
1 80
88 18
74 52
56 22
34 42
61 10
52 98
30 34
50 1
47 5
32 35
22 97
73 104
40 41
50 51
22 26
58 36
0 2
61 72
74 26
49 5
46 34
64 18
1 81
46 45
76 51
85 22
62 102
102 104
57 44
27 5
39 5
18 105
76 77
2 51
2 83
26 75
50 54
3 5
79 1
62 8
17 18
30 36
34 45
91 22
38 35
67 18
40 42
25 26
