0 1
0 2
0 3
0 4
3 0
3 5
3 2
3 6
7 8
7 9
7 10
7 11
7 12
7 13
7 14
15 16
15 13
15 4
17 18
17 19
17 9
11 20
11 21
11 22
11 23
11 7
11 12
11 8
11 24
25 16
25 13
25 4
26 27
28 13
28 4
29 13
30 31
30 32
30 33
30 34
34 35
34 36
34 30
37 21
37 22
37 38
39 40
39 41
39 42
43 13
43 4
40 42
40 39
31 5
31 2
31 30
31 44
32 1
32 45
32 30
32 46
2 0
2 31
2 3
2 47
2 46
16 15
16 13
16 25
16 4
12 7
12 11
12 13
42 40
42 4
42 48
42 39
48 13
48 49
48 42
49 50
49 51
49 52
49 48
49 46
49 53
24 18
24 54
24 11
14 55
14 56
14 20
14 7
14 57
14 58
14 59
18 41
18 17
18 24
60 61
62 63
62 64
65 63
65 50
65 66
20 55
20 21
20 10
20 22
20 23
20 11
20 14
64 62
64 33
64 44
27 67
27 57
27 13
27 26
67 13
67 59
67 27
68 8
68 54
41 18
41 5
41 6
41 69
41 39
41 46
54 68
54 8
54 24
19 9
19 17
19 70
71 8
71 72
9 19
9 72
9 7
9 17
9 52
9 70
72 71
72 9
52 50
52 9
52 73
52 74
52 49
52 53
69 41
69 44
53 49
53 52
8 71
8 68
8 54
8 10
8 7
8 11
10 20
10 8
10 7
21 20
21 37
21 11
22 20
22 37
22 11
5 63
5 36
5 41
5 31
5 3
5 33
5 47
23 20
23 11
6 35
6 41
6 36
6 45
6 3
6 47
58 14
35 6
35 34
50 65
50 73
50 75
50 76
50 77
50 49
50 52
36 5
36 6
36 34
73 50
73 66
73 52
45 32
45 6
57 59
57 14
57 27
59 67
59 57
59 14
70 19
70 9
44 64
44 31
44 69
44 47
61 60
61 63
61 78
61 66
61 51
74 52
66 65
66 73
66 76
66 77
66 61
66 46
66 47
51 61
51 49
46 1
46 63
46 41
46 78
46 32
46 2
46 49
46 66
55 20
55 14
63 1
63 65
63 62
63 5
63 61
63 47
63 46
78 61
78 46
76 50
76 66
77 50
77 75
77 66
33 64
33 5
33 30
47 1
47 63
47 5
47 6
47 2
47 66
47 44
1 63
1 0
1 32
1 47
1 46
56 14
75 50
75 77
38 37
13 7
13 15
13 16
13 12
13 25
13 28
13 48
13 29
13 27
13 67
13 4
13 43
4 0
4 15
4 16
4 25
4 42
4 28
4 13
4 43
