0 1
0 2
3 4
3 5
3 6
4 3
7 8
9 10
11 12
13 14
15 16
17 18
19 5
20 1
20 2
21 22
23 22
24 18
25 26
27 5
28 22
29 22
30 31
30 32
30 33
30 34
30 35
30 36
37 5
38 31
38 35
39 5
40 41
40 42
40 43
40 44
40 45
40 18
40 46
40 34
43 41
43 42
43 40
43 44
43 45
43 18
43 34
43 46
47 5
48 5
49 5
50 51
50 52
50 53
50 1
50 54
55 22
56 22
57 58
57 59
57 44
57 60
58 57
58 18
58 36
14 13
12 61
12 11
12 62
63 22
64 18
65 22
66 10
67 18
68 5
69 5
70 44
71 52
71 26
36 58
36 35
36 30
61 72
61 8
61 12
61 10
61 62
61 73
32 30
32 35
74 52
74 26
46 42
46 52
46 41
46 40
46 43
46 45
46 34
46 75
76 51
76 77
78 2
35 38
35 31
35 32
35 33
35 52
35 30
35 36
2 0
2 79
2 80
2 81
2 82
2 83
2 51
2 20
2 78
79 1
79 2
84 44
85 22
86 34
87 6
88 18
1 0
1 79
1 80
1 81
1 50
1 82
1 83
1 20
89 90
54 51
54 50
91 22
22 85
22 55
22 56
22 26
22 91
22 63
22 21
22 65
22 52
22 23
22 92
22 29
22 28
22 93
22 94
22 95
22 96
22 97
52 22
52 98
52 50
52 71
52 26
52 74
52 46
52 35
98 52
99 5
59 57
6 3
6 87
6 100
6 62
10 66
10 61
10 9
10 101
10 62
101 10
82 1
82 2
62 61
62 72
62 8
62 6
62 12
62 102
62 10
73 61
73 103
73 34
73 102
73 104
51 26
51 53
51 50
51 76
51 2
51 54
33 35
33 30
94 22
72 61
72 62
8 61
8 7
8 62
44 57
44 40
44 84
44 43
44 70
44 34
5 3
5 48
5 47
5 49
5 68
5 69
5 99
5 27
5 37
5 39
5 19
5 102
53 51
53 50
95 22
18 105
18 64
18 67
18 24
18 88
18 17
18 58
18 40
18 43
18 34
16 102
16 15
96 22
34 42
34 106
34 86
34 30
34 73
34 41
34 40
34 43
34 44
34 45
34 18
34 46
34 75
102 103
102 5
102 16
102 104
102 62
102 73
102 75
97 22
107 93
42 40
42 43
42 34
42 46
80 1
80 2
81 1
81 2
90 89
83 1
83 2
26 51
26 22
26 52
26 74
26 25
26 71
26 75
77 76
105 18
106 34
60 57
92 22
41 40
41 43
41 34
41 46
93 22
93 107
31 38
31 30
31 35
103 102
103 73
45 40
45 43
45 34
45 46
100 6
104 102
104 73
75 26
75 34
75 102
75 46
