0 1
0 2
0 3
4 5
4 6
7 8
7 9
7 10
9 7
9 11
9 12
9 10
13 14
13 15
16 17
16 18
19 20
19 21
19 22
19 11
23 22
23 12
20 19
20 15
11 19
11 15
11 9
11 24
12 15
12 23
12 9
12 25
26 27
26 28
29 30
29 31
29 32
29 33
29 34
29 35
29 36
29 37
29 38
29 39
40 5
41 5
42 5
43 44
43 17
43 18
44 43
45 30
45 46
45 38
45 39
45 36
45 47
45 48
45 37
49 1
46 45
46 50
46 51
46 52
36 45
36 1
36 33
36 29
48 45
48 33
8 7
8 53
53 8
53 25
53 54
55 52
56 17
57 58
59 60
59 61
59 38
59 47
59 62
59 63
64 1
64 5
64 65
64 66
67 1
67 68
67 5
67 65
67 3
67 66
62 1
62 69
62 34
62 68
62 65
62 59
62 52
62 66
70 18
63 30
63 34
63 1
63 71
63 69
63 72
63 73
63 5
63 59
63 65
63 66
74 75
74 76
74 1
74 61
74 69
74 39
74 72
74 24
74 77
74 68
74 5
74 65
78 17
78 18
79 80
81 17
82 17
82 18
83 84
85 84
86 84
87 88
87 89
87 80
87 90
91 84
92 93
92 94
92 95
96 84
97 84
14 15
14 13
94 92
94 80
95 98
95 92
95 80
88 18
88 93
88 87
88 99
89 18
89 93
89 87
100 101
90 18
90 93
90 87
102 103
102 104
105 106
107 15
22 19
22 15
22 23
108 101
108 109
110 106
111 17
111 18
111 112
68 67
68 62
68 28
68 74
65 64
65 67
65 62
65 28
65 74
65 63
113 114
113 115
113 116
113 117
113 118
113 119
113 120
113 84
113 25
113 24
113 121
109 115
109 25
109 117
109 24
109 108
109 122
80 30
80 31
80 18
80 94
80 95
80 99
80 79
80 123
80 87
80 124
80 125
106 115
106 105
106 117
106 110
30 45
30 1
30 47
30 63
30 126
30 29
30 80
115 106
115 127
115 24
115 113
115 109
31 1
31 33
31 98
31 37
31 80
31 29
128 33
128 129
128 51
128 52
93 17
93 130
93 88
93 89
93 90
93 131
93 98
93 73
93 126
93 92
132 133
132 134
132 54
135 50
135 136
117 106
117 133
117 134
117 25
117 113
117 109
54 53
54 132
124 80
10 7
10 9
10 134
10 25
1 0
1 32
1 34
1 64
1 67
1 62
1 37
1 74
1 63
1 69
1 126
1 51
1 52
1 30
1 75
1 50
1 31
1 49
1 33
1 36
1 136
1 76
1 137
1 138
1 71
1 139
1 140
1 141
1 6
103 102
60 75
60 138
60 34
60 59
142 139
134 114
134 133
134 116
134 132
134 117
134 120
134 10
134 84
134 69
134 39
134 143
134 72
134 77
134 121
98 31
98 93
98 95
98 129
24 115
24 133
24 11
24 74
24 127
24 84
24 144
24 143
24 145
24 113
24 109
73 93
73 63
126 30
126 1
126 93
126 136
125 80
114 134
114 113
118 146
118 113
147 101
119 113
120 134
120 113
148 52
71 1
71 50
71 33
71 61
71 63
71 51
71 52
143 134
143 25
143 24
143 149
32 1
32 29
34 1
34 60
34 61
34 62
34 63
34 29
146 118
35 75
35 29
37 45
37 1
37 50
37 31
37 51
37 29
37 52
150 6
3 0
3 67
3 140
3 6
3 52
131 93
151 6
152 52
121 134
121 25
121 113
66 27
66 64
66 67
66 62
66 63
112 111
17 43
17 93
17 78
17 81
17 82
17 111
17 56
17 16
17 153
27 66
27 26
18 43
18 154
18 70
18 88
18 78
18 89
18 90
18 82
18 111
18 16
18 80
18 153
18 58
76 1
76 74
155 139
137 1
137 61
138 50
138 1
138 60
138 61
138 156
138 38
138 47
138 51
138 52
123 80
61 33
61 34
61 2
61 136
61 74
61 137
61 138
61 71
61 69
61 139
61 59
61 6
156 138
38 157
38 45
38 138
38 59
38 29
21 19
21 158
21 25
21 145
47 30
47 45
47 138
47 59
145 21
145 25
145 24
153 17
153 18
158 21
116 134
116 144
116 113
25 10
25 51
25 121
25 113
25 52
25 109
25 50
25 133
25 33
25 117
25 12
25 53
25 84
25 21
25 143
25 145
104 102
104 77
159 69
159 39
159 72
51 46
51 128
51 37
51 138
51 1
51 71
51 25
51 39
51 72
51 101
52 2
52 62
52 37
52 3
52 1
52 69
52 25
52 39
52 72
52 77
52 152
52 101
52 128
52 46
52 148
52 138
52 71
52 55
50 46
50 135
50 37
50 138
50 1
50 71
50 39
50 25
50 101
75 1
75 60
75 35
75 74
75 160
33 31
33 128
33 36
33 48
33 29
33 1
33 157
33 71
33 61
33 39
33 25
33 101
133 132
133 134
133 25
133 117
133 24
154 18
136 1
136 61
136 135
136 126
99 88
99 80
122 101
122 109
84 83
84 85
84 25
84 134
84 86
84 24
84 91
84 96
84 97
84 113
144 116
144 24
139 1
139 142
139 61
139 5
139 155
5 64
5 4
5 67
5 74
5 63
5 40
5 139
5 41
5 160
5 42
58 18
58 57
160 75
160 5
149 143
2 0
2 61
2 6
2 52
127 115
127 24
69 62
69 74
69 63
69 1
69 61
69 134
69 159
69 52
39 45
39 50
39 33
39 74
39 29
39 134
39 159
39 51
39 52
72 134
72 159
72 74
72 63
72 51
72 52
129 128
129 98
77 134
77 104
77 74
77 52
101 50
101 33
101 108
101 147
101 51
101 122
101 100
101 52
15 14
15 20
15 107
15 13
15 22
15 11
15 12
130 93
157 33
157 38
28 68
28 65
28 26
141 1
140 1
140 3
6 151
6 1
6 4
6 61
6 2
6 150
6 3
