0 1
0 2
0 3
0 4
0 5
0 6
0 7
0 8
0 9
0 10
11 12
11 13
11 14
11 15
11 16
2 0
2 17
2 18
2 19
20 21
20 22
20 23
21 20
21 24
21 25
21 26
21 27
21 28
21 29
30 31
30 32
30 8
30 33
32 31
32 30
32 3
32 33
9 0
9 4
9 34
9 19
27 35
27 36
27 37
27 38
27 21
27 22
27 39
27 23
40 41
40 36
40 37
40 42
40 28
40 43
40 44
40 45
40 46
10 12
10 1
10 0
10 34
23 35
23 20
23 22
23 39
23 27
33 30
33 32
33 47
1 0
1 4
1 6
1 10
1 19
31 30
31 32
31 47
12 11
12 48
12 14
12 15
12 49
12 39
12 10
50 51
52 35
52 53
52 24
52 54
53 24
53 55
53 56
53 52
24 53
24 21
24 52
48 12
57 58
57 45
57 8
57 43
17 2
17 8
14 12
14 11
49 12
34 5
34 4
34 6
34 9
34 10
7 5
7 0
7 6
7 18
7 19
39 35
39 12
39 3
39 27
39 23
59 60
59 55
59 15
60 13
60 61
60 59
35 42
35 39
35 27
35 23
35 52
62 15
62 16
13 60
13 11
13 55
63 64
63 65
55 53
55 13
55 59
64 63
64 65
66 58
66 44
66 8
66 43
56 53
56 67
56 68
56 69
70 45
70 8
71 45
71 8
69 72
69 56
69 73
74 8
43 75
43 66
43 57
43 40
43 76
43 77
4 1
4 0
4 34
4 9
38 27
44 75
44 66
44 40
6 1
6 0
6 34
6 7
6 78
45 57
45 70
45 71
45 40
45 76
45 77
67 56
68 56
72 25
72 79
72 69
72 29
3 0
3 32
3 42
3 80
3 39
3 18
3 19
65 63
65 64
65 80
65 81
73 82
73 69
79 25
79 82
79 72
79 28
79 29
29 21
29 54
29 26
29 82
29 72
29 79
28 21
28 40
28 79
25 21
25 82
25 72
25 79
76 45
76 43
77 45
77 83
77 43
75 44
75 43
36 41
36 42
36 27
36 40
80 3
80 65
22 20
22 84
22 27
22 23
61 60
61 15
84 85
84 22
15 12
15 11
15 62
15 61
15 59
16 11
16 62
54 26
54 52
54 29
82 25
82 73
82 79
82 29
58 51
58 66
58 57
85 84
51 58
51 50
26 21
26 54
26 29
41 36
41 37
41 42
41 40
37 41
37 42
37 27
37 40
42 35
42 41
42 36
42 3
42 37
42 40
78 5
78 6
5 0
5 34
5 7
5 18
5 78
5 46
83 77
86 46
8 0
8 66
8 70
8 71
8 74
8 30
8 57
8 17
8 18
8 46
8 19
81 65
81 47
18 5
18 2
18 7
18 8
18 3
47 31
47 81
47 33
46 5
46 86
46 8
46 40
19 1
19 2
19 7
19 8
19 3
19 9
