0 1
0 2
0 3
0 4
0 5
0 6
0 7
0 8
0 9
3 0
3 10
3 11
3 12
13 14
13 15
13 16
13 17
18 19
18 20
18 21
18 22
18 23
11 24
11 25
11 26
11 27
11 28
11 29
11 30
11 3
11 31
11 7
11 8
11 9
16 13
16 14
16 32
16 15
17 13
17 14
17 33
17 34
32 35
32 14
32 16
32 36
32 37
32 34
38 39
38 40
38 41
38 42
43 44
43 45
43 39
43 40
43 41
43 46
43 47
43 42
48 49
48 50
51 52
51 53
51 54
51 49
51 15
55 39
55 44
55 56
55 46
55 57
55 58
55 42
36 53
36 52
36 54
36 32
36 49
36 15
36 59
36 60
61 56
61 46
61 57
61 58
61 42
60 52
60 62
60 33
60 36
60 63
60 37
60 64
60 65
42 66
42 38
42 56
42 43
42 67
42 57
42 55
42 61
44 56
44 67
44 43
44 66
44 55
52 53
52 68
52 51
52 49
52 36
52 69
52 60
52 50
70 71
72 71
54 62
54 51
54 63
54 36
54 37
54 65
54 64
29 11
12 3
12 2
12 6
12 7
12 8
12 9
73 24
73 25
73 26
73 66
73 74
73 75
73 1
73 2
73 4
73 6
73 7
73 8
73 9
73 76
77 78
77 10
77 79
77 80
81 6
81 79
81 7
81 8
81 82
81 9
83 84
83 85
86 78
86 10
86 79
86 80
87 88
87 89
87 82
89 87
89 6
89 7
89 8
89 82
89 9
85 84
85 83
85 90
85 91
85 92
22 93
22 94
22 95
22 18
96 19
96 95
96 97
96 98
96 99
96 59
23 93
23 94
23 95
23 18
95 22
95 96
95 23
33 97
33 100
33 37
33 101
33 102
33 68
33 14
33 63
33 60
33 103
33 69
33 17
33 59
33 34
37 54
37 21
37 32
37 33
37 15
37 63
37 60
37 65
101 33
101 59
104 2
104 4
104 10
104 105
104 1
56 39
56 44
56 106
56 41
56 55
56 61
56 42
68 52
68 33
62 54
62 60
25 73
25 107
25 11
79 88
79 77
79 81
79 86
79 82
1 108
1 0
1 109
1 27
1 28
1 30
1 104
1 73
1 110
1 31
1 10
1 111
1 105
1 112
2 109
2 0
2 27
2 104
2 30
2 12
2 73
2 10
2 111
4 109
4 0
4 28
4 104
4 30
4 73
4 10
4 31
4 111
10 1
10 3
10 2
10 88
10 77
10 4
10 113
10 114
10 86
10 115
10 116
10 117
10 104
10 57
10 118
10 58
6 119
6 0
6 97
6 120
6 12
6 73
6 81
6 118
6 89
6 59
8 119
8 0
8 97
8 12
8 73
8 81
8 11
8 118
8 89
8 59
49 52
49 48
49 51
49 36
100 14
100 33
100 59
100 34
121 93
121 59
98 93
98 94
98 119
98 122
98 96
98 75
99 93
99 94
99 119
99 96
99 122
99 75
82 81
82 87
82 79
82 89
88 78
88 10
88 87
88 79
88 80
31 4
31 11
31 1
90 84
90 123
90 124
90 85
90 76
14 20
14 32
14 33
14 100
14 13
14 16
14 15
14 17
91 123
91 124
91 85
91 74
91 76
15 35
15 37
15 13
15 51
15 14
15 36
15 16
15 34
92 123
92 124
92 85
92 76
76 84
76 123
76 97
76 124
76 73
76 90
76 91
76 92
76 59
71 70
71 72
75 73
75 120
75 98
75 99
75 21
75 66
125 63
125 69
125 65
126 127
126 128
63 102
63 54
63 129
63 125
63 33
63 69
63 60
63 130
63 37
69 53
69 52
69 102
69 125
69 63
69 33
69 50
65 102
65 54
65 125
65 60
65 37
65 64
78 88
78 77
78 86
114 10
80 88
80 77
80 86
112 1
84 83
84 124
84 90
84 85
84 76
123 131
123 97
123 124
123 20
123 74
123 132
123 90
123 91
123 92
123 59
123 76
124 84
124 94
124 123
124 21
124 74
124 133
124 132
124 90
124 91
124 92
124 76
102 63
102 33
102 69
102 65
106 56
106 57
24 73
24 107
24 11
26 73
26 107
26 11
134 57
134 66
134 58
110 1
5 0
111 2
111 4
111 1
7 119
7 0
7 97
7 12
7 73
7 81
7 11
7 118
7 89
7 59
47 43
47 57
47 66
59 120
59 128
59 6
59 7
59 8
59 96
59 76
59 93
59 94
59 123
59 97
59 21
59 33
59 100
59 133
59 101
59 41
59 121
59 36
59 9
105 104
105 1
94 97
94 98
94 124
94 99
94 22
94 59
94 23
108 1
97 94
97 123
97 120
97 33
97 133
97 6
97 7
97 8
97 96
97 9
97 59
97 76
117 10
20 123
20 120
20 21
20 66
20 18
20 135
20 14
20 34
21 131
21 19
21 18
21 124
21 135
21 20
21 59
21 37
21 75
74 73
74 123
74 124
74 91
132 123
132 124
136 53
136 50
136 137
9 119
9 0
9 97
9 12
9 73
9 81
9 11
9 118
9 89
9 59
103 33
103 50
103 137
137 136
137 103
120 93
120 119
120 97
120 20
120 75
120 6
120 57
120 59
50 52
50 138
50 139
50 64
50 140
50 48
50 136
50 103
50 69
128 127
128 126
128 139
128 59
64 54
64 129
64 50
64 130
64 53
64 140
64 60
64 65
127 126
127 130
127 128
53 52
53 138
53 139
53 64
53 140
53 51
53 136
53 36
53 69
140 53
140 50
140 64
113 10
115 10
131 123
131 21
109 2
109 4
109 1
45 67
45 43
45 57
45 66
30 2
30 4
30 11
30 1
40 43
40 57
40 66
40 38
118 10
118 6
118 7
118 8
118 9
57 120
57 45
57 134
57 66
57 39
57 40
57 41
57 106
57 10
57 47
57 55
57 61
57 42
58 10
58 134
58 66
58 55
58 61
19 18
19 21
19 96
135 20
135 21
116 107
116 10
34 20
34 32
34 15
34 33
34 100
34 17
35 32
35 15
93 119
93 120
93 122
93 121
93 98
93 99
93 22
93 59
93 23
107 24
107 25
107 26
107 116
138 53
138 50
119 93
119 120
119 98
119 6
119 99
119 7
119 8
119 9
27 2
27 11
27 1
129 63
129 64
28 4
28 11
28 1
139 53
139 50
139 130
139 128
66 44
66 20
66 45
66 134
66 75
66 73
66 39
66 40
66 41
66 57
66 47
66 58
66 42
130 127
130 139
130 63
130 64
122 93
122 98
122 99
133 97
133 124
133 59
39 56
39 43
39 57
39 55
39 66
39 38
41 56
41 43
41 57
41 66
41 59
41 38
67 44
67 46
67 45
67 42
46 67
46 43
46 55
46 61
