0 1
0 2
0 3
0 4
0 5
0 6
0 7
0 8
0 9
0 10
0 11
12 1
12 5
13 14
13 15
13 16
13 4
17 5
17 1
17 18
17 19
17 20
17 21
22 23
22 24
22 25
22 26
22 27
28 29
28 30
28 31
28 4
28 32
28 33
28 34
35 3
36 23
36 24
36 26
36 25
36 27
37 38
37 39
40 41
40 42
40 16
40 43
40 44
45 46
45 42
45 16
45 44
47 34
48 49
48 50
51 5
51 52
51 53
51 54
51 55
51 21
56 57
58 8
58 59
58 3
58 60
58 61
58 62
63 15
63 64
63 65
63 66
67 68
67 69
70 32
70 4
70 34
71 72
73 74
73 75
73 76
77 78
77 79
80 81
82 83
82 84
82 85
86 4
87 74
87 75
87 76
88 68
88 23
88 24
88 25
88 89
88 26
88 27
21 1
21 2
21 90
21 91
21 92
21 18
21 93
21 53
21 94
21 17
21 95
21 96
21 97
21 98
21 51
21 99
21 100
21 25
21 19
21 101
21 102
21 103
21 5
21 6
21 104
21 105
21 20
21 106
1 0
1 90
1 92
1 12
1 53
1 18
1 93
1 17
1 94
1 95
1 96
1 98
1 100
1 25
1 19
1 23
1 101
1 102
1 103
1 5
1 104
1 20
1 105
1 106
1 21
107 108
107 109
107 78
107 79
91 18
91 21
110 23
110 24
110 26
110 25
110 27
18 1
18 90
18 91
18 92
18 93
18 94
18 17
18 26
18 27
18 95
18 111
18 112
18 100
18 101
18 103
18 102
18 5
18 6
18 104
18 105
18 20
18 106
18 21
113 23
113 24
113 26
113 25
113 114
113 27
113 115
33 116
33 117
33 118
33 119
33 120
33 28
33 121
33 122
123 124
123 125
123 126
123 127
123 11
123 128
129 124
129 125
129 126
129 127
129 11
129 128
112 18
118 31
118 4
118 32
118 33
118 34
38 130
38 131
38 132
38 39
38 128
38 37
38 133
38 134
38 135
38 136
38 126
137 138
137 139
137 69
137 140
137 141
137 142
137 143
137 144
137 145
137 146
137 57
137 147
137 148
137 149
137 150
137 151
131 38
131 39
69 32
69 144
69 152
69 11
69 150
69 149
69 137
69 151
69 67
69 23
69 139
69 68
69 140
69 141
69 142
69 143
69 146
69 153
69 57
3 0
3 59
3 60
3 154
3 155
3 35
3 156
3 72
3 61
3 157
3 58
3 62
127 60
127 158
127 159
127 160
127 128
127 123
127 161
127 162
127 129
127 125
127 163
127 164
127 89
127 25
127 165
127 11
127 166
127 167
127 14
127 124
127 168
127 72
127 169
127 57
127 170
127 171
127 172
127 173
127 174
175 138
175 145
176 14
176 152
176 177
176 178
176 179
83 82
83 54
180 181
20 1
20 90
20 92
20 18
20 93
20 94
20 17
20 95
20 100
20 19
20 101
20 102
20 103
20 104
20 105
20 106
20 21
182 4
182 34
60 183
60 184
60 185
60 186
60 3
60 127
60 187
60 188
60 189
60 72
60 25
60 58
60 190
191 23
191 24
191 25
191 26
191 27
192 23
192 24
192 25
192 26
192 27
30 116
30 119
30 120
30 28
30 122
30 121
42 41
42 45
42 193
42 40
159 139
159 127
159 194
195 196
195 84
195 85
195 54
27 197
27 24
27 192
27 191
27 110
27 198
27 18
27 113
27 22
27 78
27 36
27 199
27 200
27 99
27 201
27 202
27 25
27 203
27 204
27 205
27 124
27 23
27 206
27 207
27 208
27 209
27 210
27 211
27 212
27 88
27 213
27 214
194 11
194 159
78 108
78 130
78 23
78 81
78 215
78 107
78 216
78 26
78 27
78 217
78 218
78 77
78 109
78 219
160 127
160 11
79 108
79 130
79 23
79 81
79 215
79 107
79 216
79 217
79 77
79 218
79 109
79 219
128 178
128 155
128 158
128 220
128 152
128 123
128 162
128 109
128 129
128 125
128 38
128 164
128 126
128 89
128 25
128 165
128 11
128 166
128 167
128 124
128 23
128 127
128 72
128 169
128 170
128 171
128 172
128 173
128 174
221 24
221 25
98 5
98 1
98 21
163 127
163 11
99 23
99 24
99 26
99 25
99 27
99 21
9 0
9 8
126 158
126 128
126 123
126 162
126 129
126 125
126 38
126 84
126 89
126 164
126 25
126 11
126 165
126 166
126 167
126 124
126 222
126 85
126 169
126 172
126 170
126 171
126 173
126 174
11 0
11 223
11 158
11 194
11 128
11 160
11 161
11 123
11 162
11 109
11 129
11 125
11 163
11 164
11 89
11 126
11 25
11 165
11 166
11 167
11 69
11 127
11 39
11 72
11 169
11 171
11 170
11 172
11 173
11 174
39 224
39 131
39 225
39 226
39 37
39 134
39 133
39 135
39 38
39 136
39 11
227 32
227 228
181 180
181 155
181 157
181 229
230 197
231 196
231 54
74 75
74 130
74 177
74 24
74 197
74 178
74 76
74 232
74 233
74 234
74 235
74 73
74 236
74 54
74 237
74 87
74 238
158 124
158 127
158 126
158 11
158 128
239 23
239 25
240 125
64 241
64 63
199 23
199 24
199 25
199 26
199 27
220 128
96 1
96 5
96 21
161 127
161 11
242 84
242 54
242 85
243 84
243 196
243 54
243 85
8 0
8 2
8 85
8 6
8 244
8 9
8 84
8 19
8 58
109 108
109 81
109 24
109 215
109 107
109 216
109 245
109 217
109 78
109 79
109 128
109 246
109 219
109 157
109 11
203 23
203 139
203 24
203 25
203 89
203 26
203 216
203 27
165 124
165 126
165 127
165 11
165 128
139 69
139 57
139 159
139 203
139 137
247 248
247 249
247 62
132 38
226 39
4 152
4 116
4 250
4 0
4 117
4 118
4 251
4 252
4 253
4 57
4 147
4 178
4 70
4 119
4 13
4 254
4 120
4 86
4 255
4 28
4 256
4 257
4 182
4 32
4 258
4 115
4 121
259 14
259 152
259 177
259 178
259 179
237 75
237 74
237 76
257 4
257 32
257 76
257 34
257 228
43 40
130 74
130 225
130 197
130 38
130 78
130 79
130 76
260 156
260 261
95 1
95 5
95 18
95 19
95 20
95 21
111 18
189 72
189 60
189 262
97 5
97 23
97 21
125 124
125 127
125 240
125 263
125 128
125 123
125 129
125 169
125 126
125 172
125 11
125 174
201 24
201 25
201 26
201 27
264 84
264 54
264 85
202 27
89 124
89 127
89 25
89 126
89 11
89 203
89 128
89 88
166 124
166 126
166 127
166 11
166 128
167 124
167 127
167 126
167 11
167 128
265 84
265 196
265 85
265 54
49 48
49 266
140 69
140 57
140 137
65 267
65 63
65 266
268 14
268 269
34 116
34 250
34 270
34 177
34 253
34 255
34 28
34 269
34 47
34 118
34 120
34 254
34 121
34 251
34 252
34 117
34 119
34 70
34 258
34 147
34 16
34 182
34 257
34 256
34 228
228 250
228 147
228 227
228 271
228 32
228 257
228 34
75 74
75 225
75 272
75 76
75 152
75 108
75 232
75 196
75 235
75 234
75 233
75 73
75 236
75 237
75 87
75 238
224 222
224 39
224 76
59 3
59 61
59 58
225 75
225 130
225 222
225 197
225 39
225 76
273 23
273 25
100 1
100 18
100 19
100 20
100 21
164 124
164 127
164 126
164 11
164 128
19 1
19 90
19 24
19 92
19 93
19 94
19 17
19 95
19 8
19 100
19 101
19 103
19 102
19 274
19 5
19 104
19 105
19 20
19 21
19 106
204 23
204 24
204 25
204 26
204 27
205 23
205 24
205 25
205 26
205 27
275 276
275 223
275 178
277 14
277 152
277 177
277 178
142 69
142 57
142 137
276 178
276 223
276 275
134 38
134 39
135 38
135 39
57 138
57 24
57 144
57 56
57 137
57 149
57 150
57 151
57 14
57 139
57 69
57 68
57 140
57 127
57 141
57 4
57 142
57 143
57 146
57 145
147 250
147 278
147 279
147 4
147 32
147 137
147 228
147 34
280 50
280 281
256 4
256 32
256 34
250 147
250 271
250 4
250 115
250 34
250 228
278 14
278 152
278 177
278 178
278 147
197 74
197 130
197 225
197 26
197 230
197 27
197 32
197 76
253 282
253 32
253 4
253 34
245 108
245 109
283 84
283 196
283 54
283 85
25 284
25 2
25 60
25 192
25 191
25 22
25 27
25 36
25 128
25 221
25 201
25 99
25 126
25 89
25 11
25 208
25 211
25 212
25 88
25 21
25 1
25 24
25 110
25 198
25 26
25 113
25 239
25 114
25 199
25 273
25 203
25 205
25 204
25 108
25 23
25 127
25 101
25 206
25 207
25 5
25 209
25 210
25 170
25 214
25 213
193 241
193 42
285 84
285 196
285 54
285 85
153 200
153 138
153 286
153 69
153 145
153 287
238 75
238 74
238 76
155 3
155 181
155 288
155 157
155 128
29 116
29 117
29 119
29 120
29 28
29 122
29 121
219 108
219 109
219 215
219 24
219 78
219 79
289 84
289 196
289 54
289 85
108 75
108 81
108 215
108 107
108 216
108 245
108 217
108 78
108 290
108 79
108 218
108 291
108 109
108 219
108 25
292 84
292 196
292 54
292 85
23 192
23 191
23 22
23 27
23 78
23 36
23 79
23 128
23 97
23 99
23 25
23 208
23 212
23 211
23 88
23 1
23 24
23 110
23 198
23 26
23 113
23 239
23 199
23 273
23 203
23 205
23 204
23 69
23 206
23 5
23 207
23 209
23 210
23 214
23 213
117 29
117 31
117 4
117 32
117 33
117 34
55 51
55 53
5 1
5 0
5 92
5 18
5 93
5 12
5 17
5 94
5 95
5 97
5 96
5 98
5 51
5 25
5 19
5 23
5 101
5 103
5 102
5 104
5 105
5 106
5 21
15 267
15 293
15 13
15 63
210 23
210 24
210 25
210 26
210 27
157 109
157 3
157 155
157 181
157 288
138 286
138 200
138 24
138 153
138 57
138 175
138 287
138 137
294 152
294 295
294 296
297 14
297 152
297 177
297 178
255 4
255 32
255 34
84 298
84 195
84 76
84 243
84 242
84 8
84 264
84 283
84 126
84 289
84 299
84 300
84 301
84 265
84 292
84 285
84 302
84 82
84 54
121 29
121 30
121 31
121 4
121 32
121 33
121 34
266 49
266 281
266 65
301 84
301 196
301 54
301 85
222 224
222 225
222 168
222 303
222 263
222 304
222 305
222 126
183 72
183 60
282 253
119 29
119 30
119 31
119 32
119 4
119 34
119 33
279 147
168 222
168 127
168 306
168 263
168 76
168 304
271 250
271 228
263 125
263 222
263 168
188 72
188 60
145 286
145 200
145 24
145 153
145 57
145 175
145 137
145 287
293 307
293 15
169 124
169 125
169 126
169 127
169 11
169 128
44 152
44 45
44 40
46 45
46 152
46 296
270 308
270 34
308 270
308 32
26 197
26 24
26 192
26 191
26 110
26 18
26 198
26 113
26 22
26 78
26 36
26 199
26 200
26 99
26 201
26 25
26 203
26 204
26 205
26 124
26 23
26 206
26 207
26 208
26 209
26 210
26 211
26 212
26 88
26 213
26 214
179 14
179 152
179 259
179 177
179 178
179 176
306 168
306 303
32 116
32 308
32 253
32 197
32 255
32 28
32 118
32 254
32 120
32 122
32 121
32 69
32 117
32 252
32 251
32 119
32 70
32 4
32 258
32 6
32 147
32 227
32 256
32 257
32 228
76 224
76 74
76 75
76 130
76 225
76 197
76 223
76 84
76 232
76 168
76 233
76 234
76 85
76 73
76 236
76 237
76 87
76 257
76 238
120 29
120 30
120 31
120 32
120 4
120 34
120 33
122 29
122 30
122 31
122 32
122 33
299 84
299 196
299 54
299 85
68 69
68 67
68 57
68 88
101 5
101 1
101 18
101 25
101 19
101 20
101 21
249 247
249 196
249 62
206 23
206 24
206 25
206 26
206 27
218 108
218 78
218 79
244 8
106 1
106 5
106 18
106 19
106 20
106 21
248 247
248 54
177 14
177 74
177 278
177 297
177 178
177 179
177 296
177 176
177 277
177 152
177 259
177 34
50 41
50 48
50 280
66 63
148 137
300 196
300 84
300 85
300 54
300 103
62 309
62 247
62 3
62 310
62 58
62 249
190 72
190 60
309 310
309 196
309 62
196 75
196 231
196 298
196 2
196 53
196 195
196 243
196 283
196 289
196 300
196 299
196 301
196 309
196 265
196 292
196 285
196 302
196 249
196 261
196 54
85 298
85 53
85 195
85 76
85 243
85 242
85 8
85 264
85 283
85 126
85 289
85 299
85 300
85 301
85 265
85 285
85 292
85 302
85 82
85 54
103 5
103 1
103 18
103 19
103 300
103 20
103 21
212 23
212 24
212 25
212 26
212 27
178 14
178 74
178 177
178 278
178 297
178 223
178 179
178 4
178 275
178 277
178 176
178 128
178 276
178 305
178 259
152 46
152 75
152 311
152 294
152 312
152 297
152 278
152 177
152 179
152 296
152 128
152 305
152 14
152 69
152 4
152 277
152 176
152 259
152 16
152 44
254 4
254 32
254 34
313 2
302 84
302 196
302 54
302 85
187 72
187 60
102 1
102 5
102 18
102 19
102 20
102 21
207 23
207 24
207 25
207 26
207 27
16 152
16 45
16 13
16 34
16 40
31 116
31 117
31 118
31 119
31 120
31 28
31 121
31 122
170 124
170 127
170 25
170 126
170 11
170 128
287 200
287 138
287 146
287 145
287 153
281 280
281 266
105 1
105 5
105 18
105 19
105 20
105 21
307 267
307 293
267 307
267 41
267 15
267 65
41 267
41 295
41 50
41 42
41 40
41 314
284 24
284 25
295 41
295 294
223 276
223 305
223 269
223 14
223 178
223 11
223 296
223 76
223 275
53 1
53 52
53 51
53 196
53 54
53 85
53 21
53 55
269 305
269 223
269 296
269 268
269 34
200 138
200 286
200 145
200 153
200 26
200 27
200 287
252 4
252 32
252 34
232 74
232 75
232 76
235 75
235 74
258 4
258 32
258 34
236 75
236 74
236 76
208 23
208 24
208 26
208 25
208 27
298 84
298 196
298 54
298 85
90 1
90 18
90 19
90 20
90 21
93 1
93 5
93 18
93 19
93 20
93 21
216 108
216 109
216 203
216 78
216 79
296 152
296 269
296 305
296 46
296 311
296 294
296 312
296 177
296 223
262 189
305 152
305 269
305 222
305 178
305 223
305 296
61 59
61 3
61 58
288 155
288 157
149 69
149 57
149 137
234 74
234 75
234 76
72 183
72 185
72 186
72 60
72 3
72 71
72 127
72 187
72 188
72 128
72 189
72 11
72 190
274 19
6 0
6 8
6 18
6 54
6 10
6 32
6 21
209 23
209 24
209 25
209 26
209 27
54 74
54 231
54 298
54 248
54 53
54 195
54 242
54 243
54 264
54 51
54 283
54 84
54 289
54 300
54 299
54 301
54 265
54 285
54 292
54 196
54 302
54 85
54 261
54 83
54 6
54 10
171 124
171 126
171 127
171 11
171 128
173 124
173 127
173 126
173 11
173 128
214 23
214 24
214 25
214 26
214 27
311 152
311 296
2 0
2 8
2 25
2 196
2 313
2 10
2 21
312 152
312 296
185 72
185 60
154 133
154 3
310 309
310 62
217 108
217 109
217 78
217 79
162 124
162 126
162 127
162 11
162 128
144 69
144 57
144 137
133 38
133 154
133 39
115 250
115 113
115 4
286 200
286 138
286 145
286 153
186 72
186 60
251 4
251 32
251 34
156 3
156 260
261 260
261 196
261 54
143 69
143 57
143 137
241 64
241 193
211 23
211 24
211 25
211 26
211 27
172 124
172 125
172 126
172 127
172 11
172 128
116 29
116 30
116 31
116 32
116 4
116 34
116 33
272 75
81 108
81 109
81 80
81 78
81 79
92 1
92 5
92 18
92 19
92 20
92 21
24 284
24 138
24 192
24 191
24 22
24 27
24 36
24 221
24 201
24 99
24 25
24 145
24 208
24 211
24 212
24 88
24 74
24 110
24 198
24 26
24 113
24 114
24 199
24 109
24 219
24 19
24 203
24 205
24 204
24 23
24 206
24 207
24 209
24 210
24 57
24 214
24 213
215 108
215 109
215 219
215 78
215 79
198 23
198 24
198 25
198 26
198 27
94 1
94 5
94 18
94 19
94 20
94 21
114 24
114 25
114 113
304 222
304 168
52 51
52 53
136 38
136 39
150 69
150 57
150 137
151 69
151 57
151 137
229 181
14 177
14 278
14 297
14 13
14 178
14 223
14 127
14 179
14 277
14 268
14 176
14 152
14 259
14 57
124 26
124 158
124 27
124 128
124 162
124 123
124 125
124 129
124 164
124 89
124 126
124 165
124 166
124 167
124 127
124 169
124 172
124 171
124 170
124 173
124 174
184 60
233 74
233 75
233 76
303 222
303 306
141 69
141 57
141 137
314 41
290 108
246 109
7 0
7 10
146 69
146 57
146 137
146 287
291 108
104 5
104 1
104 18
104 19
104 20
104 21
10 0
10 2
10 6
10 7
10 54
213 23
213 24
213 25
213 26
213 27
174 124
174 125
174 126
174 127
174 11
174 128
