22 668
145 1103
701 5006
1740 10334
7773 10831
1673 3967
701 3703
3320 8593
2767 8160
701 10466
209 13593
2698 6122
1221 4763
1309 2062
2568 3967
1290 1849
1 6555
5430 6453
2548 10826
376 3493
4200 11712
1784 6082
1239 10912
3384 11778
3304 6696
3549 10673
1239 4722
3681 11537
1221 2828
701 10564
513 3561
293 1673
2902 11537
2914 7018
701 13851
4763 7714
6347 11319
209 14051
1 11341
1205 1853
2685 5675
7939 11095
701 1280
3561 13888
209 2828
1 46
1653 2846
1239 2551
701 8119
2828 3786
286 6172
3561 13329
1 11147
1 3209
6128 13455
7176 8209
2516 4716
378 5646
3561 10994
549 577
1270 6900
1239 4323
1755 1889
7018 13632
297 1842
1653 2834
1 2828
209 1706
701 10514
293 513
209 10326
20 145
2529 5459
592 7170
701 14047
2914 12127
2497 4565
6350 11279
701 10383
701 5693
7610 10764
1239 10487
3602 7398
1 14150
701 8158
1241 8522
745 1461
701 11902
1273 1800
6259 6660
3561 13346
237 293
1 7355
34 11537
701 13339
6696 6852
7018 10311
3602 6463
137 3426
701 13379
701 10911
1239 13572
286 1290
1239 11101
3257 5459
1 3356
1322 1335
2516 2915
6983 12173
5650 6137
7018 11810
1 3549
151 2915
6922 10812
701 6629
1740 2715
6851 8274
38 145
145 11537
1239 11492
6705 8750
3462 7018
6453 6762
8274 8724
145 210
701 6402
3602 5769
1 4550
4433 4740
701 6762
174 7018
1239 8074
31 226
1239 3847
5696 7037
1239 1833
293 4565
10430 11827
10560 11172
288 1103
1930 8933
789 2200
2828 3407
2685 2914
1852 3967
1740 2828
9 145
693 5646
7018 11383
7474 7573
1776 1853
1 6597
1239 7212
286 1889
3561 11427
1239 12179
1785 5719
668 7170
2614 11042
5103 5106
1 11527
1312 7066
145 1706
5058 7170
786 5459
3333 8210
2497 2828
1 6261
4780 7018
6461 7189
701 13516
1239 6325
2900 11537
7018 13373
4000 8284
5432 6774
286 3407
6172 6327
3333 5417
3784 4766
6402 6660
377 1334
6192 11423
701 10434
2548 2914
10660 13457
1239 2856
1273 3333
1833 2914
1982 5696
6922 10550
1 10561
1239 4191
2874 5378
1323 1757
3561 4129
5409 7176
2548 7132
7018 11101
5551 6747
816 7992
1841 9126
127 11422
3786 6461
195 1740
701 10828
1 3967
1239 3462
1776 1901
2497 3356
1 1746
1239 10833
2379 13927
3561 6172
1239 5646
293 11537
1103 2907
2497 3549
5409 8903
714 12179
10910 13537
6461 7473
3561 4694
2856 5413
9057 12701
2874 4000
1673 2914
2497 2516
1280 7922
703 2497
1760 4983
114 3561
1303 1309
1239 2966
7018 8074
2506 2907
2568 2914
3561 6347
701 14329
701 10866
89 721
2871 5378
3662 4637
814 9269
1239 6755
1 1830
2914 4565
7018 13443
1239 7018
3561 12270
209 6922
766 6813
2828 7473
2686 5459
3300 6705
81 701
2508 2907
3561 5400
1239 8210
2516 2519
701 11400
1740 10484
3561 6337
3356 5594
1 7037
5459 6779
702 9027
1 209
286 297
701 13570
6332 10560
701 14051
701 10754
1653 2833
5646 7660
6112 6983
10490 11537
7533 7656
2828 6716
6453 11290
1 6922
1742 13315
701 14036
701 3257
3561 10910
6859 8297
73 101
1239 2150
7018 10838
293 3549
3209 8297
513 11537
3 293
701 4648
7018 9430
6751 9057
3561 11422
2497 4725
3493 11290
6172 7018
4716 7518
7018 11015
278 6503
1785 4017
5769 6453
41 297
3561 11003
3384 6660
2685 7288
6350 14005
2497 4682
6140 6198
210 6510
1 8016
3462 7535
7018 11812
1 34
16 293
1746 2497
2497 4732
1836 2612
5661 11095
702 12479
701 2917
7018 12022
2497 3967
701 6453
7018 7079
209 600
7018 11589
2828 6427
721 1527
5050 7018
815 11079
1309 1708
701 3602
3292 6834
1 763
1239 13419
5378 6900
6106 11422
137 8933
2899 5650
1239 14124
2500 4459
293 4969
701 13916
1299 5413
374 7170
2871 7176
3300 3305
1239 1673
7018 11971
721 1451
1755 8938
2548 14219
26 145
3951 11145
1 600
3269 6664
297 7018
1755 3228
2548 4010
2497 2518
3356 8092
1 10506
1 3360
4000 6852
10490 10631
3520 7170
3784 3786
1 7260
2548 10827
5378 8196
1755 5413
1785 5647
701 2647
701 12069
517 5378
1872 2828
701 10484
2914 3356
1257 2863
293 3967
7018 7806
267 1225
1273 2861
7474 7574
6197 11712
2914 3549
5102 5106
1 8092
701 13931
8743 9057
1653 12384
517 5409
125 7018
5957 7170
8047 11090
701 6082
5378 8527
1 8112
2497 2514
1221 2914
4000 5459
3951 8115
1840 3632
6332 10436
5679 7911
5408 9010
701 1680
1691 7189
2200 5511
1239 8151
2914 3557
3786 9634
3561 3599
5650 6510
701 5050
11318 11537
3748 4766
1239 13488
1849 5551
1 3
2828 3932
701 3701
7018 11854
646 3739
2497 2513
145 217
5006 7973
286 3847
4694 4713
701 13454
1569 1913
2048 7893
293 2505
701 3563
4766 6461
103 1103
5459 5511
1221 5727
7176 12394
701 10851
1239 1760
701 3742
1239 13894
3333 6905
25 1852
4926 6813
293 1239
2828 5413
4540 13737
5400 7018
225 7066
1759 5515
5378 6779
2905 6453
1755 8210
209 14075
286 1901
1239 11853
209 1842
1657 3714
1 2914
200 701
2914 4969
10910 13566
1239 8043
701 7360
3561 6993
1673 2685
145 4130
1263 5058
1239 5677
4648 9503
297 1673
701 13638
5459 8918
137 5444
145 3999
3561 14265
1755 5424
3561 11163
1239 4565
3300 8933
2685 7018
3493 10261
1 13832
2828 5646
127 226
293 5719
3561 11810
5469 5515
5646 6660
4565 13703
5409 8761
6461 7018
209 297
255 721
3758 7473
10490 12005
11537 11975
7018 11172
1 5727
1849 5459
2637 10490
209 13624
701 14133
293 378
701 13740
3737 4231
701 12228
3561 5683
5683 7474
701 6503
701 6172
2914 3967
293 683
7018 11857
293 6259
6172 7756
701 13883
293 6461
2828 7018
2553 3506
3632 6503
3561 8070
3320 7018
2548 7018
7543 9396
1833 7018
7915 10609
1 6227
4358 5696
3549 7018
7018 11906
1667 1673
1849 2571
293 1800
1239 5737
1299 8342
1327 1673
701 703
174 5378
2548 11235
1 6
701 3403
1 10912
701 13626
7037 11123
3561 14215
1239 4005
2899 3561
7018 13758
1942 2200
1239 6222
5786 11992
701 2648
1653 9088
702 5430
7922 11707
6453 8220
517 8384
5388 7176
701 11959
194 209
6356 11095
7922 10796
701 11355
2614 5377
5459 7176
4565 10441
2041 2497
5459 8743
9034 9035
424 721
2514 2516
101 11537
702 1849
7018 8043
3352 6813
852 10482
701 13368
226 2828
2497 2914
14 11537
7018 14143
1800 2548
81 10490
11853 13851
2914 3254
1 2551
195 1227
1 2637
293 11422
1239 2918
1275 8365
2516 4704
5378 8469
7514 7679
5683 6079
293 11423
101 145
701 11354
3356 10487
7018 10588
701 3739
721 1462
17 11537
568 2914
1201 7066
103 2828
3561 6079
3300 5089
5594 6461
10490 13429
14 145
3300 5427
1653 2836
1 8017
3561 4373
145 1206
7535 7656
1562 1913
2914 3786
7925 10719
6222 11231
1755 1759
1740 10311
1239 13586
2914 6259
3748 3786
816 7398
721 1597
8384 8572
1239 3356
174 2521
701 2899
293 2548
5511 12479
2914 6461
6360 11537
4565 13432
4134 6993
1239 1757
2150 11422
6082 11614
702 3259
1239 3549
174 2493
5078 11537
3714 6386
701 13967
600 3561
237 5696
1485 7170
7018 12120
5459 6461
814 3602
701 6226
293 2914
619 724
1325 1673
6463 7992
1248 5556
6259 7018
7018 13336
1239 4766
4201 4600
6580 7018
8793 9057
1241 5486
145 1742
1273 8793
2917 8874
286 1673
7018 11337
11143 11854
6805 6878
701 5089
1455 7170
701 7332
174 1239
1273 6805
209 2685
7018 13688
1 12007
702 2917
3549 8001
2381 7050
1239 3851
4730 7660
701 12194
2914 11834
209 12015
1 12184
1103 11537
2497 2551
577 1239
701 13399
3561 12022
2685 5677
7018 12116
11537 12145
1853 8933
1 2685
701 14075
1275 1754
702 4000
7018 13707
1673 1740
7018 10914
1103 7610
1740 3680
7018 11426
1 3932
1755 3300
701 12238
5568 8336
2548 12019
4565 7018
293 11039
6461 11042
268 6350
4200 6371
1 10437
13 668
174 3976
1755 6905
101 10430
5413 6805
701 11601
1 5413
1239 3967
4000 6187
3561 11134
701 11573
3112 11050
5646 7189
52 11422
701 4231
5656 6325
167 3561
701 12156
10490 12148
1 2856
2828 4565
18 6922
6453 7473
1889 2917
2497 2907
3335 5568
6402 7018
3561 4637
701 13326
2548 10825
288 297
7066 11975
7018 12121
1970 6922
87 10680
701 14265
34 3932
293 4200
43 1785
701 6467
1 5646
5673 6201
1653 2843
701 11810
701 11849
702 6696
3549 11042
3356 7018
3561 6113
701 4722
786 1849
1342 5515
701 6913
13 7170
209 237
74 6453
4780 6461
286 4565
2828 3300
4694 4732
701 12041
701 14330
7018 12153
7018 7309
1239 10826
715 11123
5671 7911
701 11232
701 10424
174 12128
7474 7572
701 7474
701 6224
2706 4637
701 7799
1 7018
101 1239
2055 7893
5549 6751
701 4960
2611 8933
701 8062
2856 6870
3967 4766
6716 8001
6870 9557
293 701
2828 8175
1767 6402
2548 5737
293 1829
104 2648
577 800
701 4323
3701 4201
1206 5050
1327 6462
1740 5413
6922 7018
2856 8743
7018 11707
2863 5459
5378 6461
7018 11806
1 13599
2497 3932
3561 3951
701 11764
1239 14155
1273 1849
1 4544
286 3302
209 13547
4200 4993
5072 11550
7843 13414
1720 2200
555 7170
701 10487
174 286
299 1852
701 5650
701 3493
701 2901
701 13457
1330 1673
3561 10514
47 11422
1239 6461
6337 6347
1273 12337
7018 11684
2548 14034
1221 7475
145 2698
3300 8938
2514 9362
293 7922
7018 11895
702 3336
1239 6347
1239 5675
5378 8612
6188 11741
3758 7472
13488 13558
2914 7515
2914 4200
1755 8472
5409 8793
7018 12163
5400 8472
1239 1800
701 14010
2497 2498
2914 7773
293 2685
6509 10965
1740 7018
227 724
286 2828
1901 5424
7018 12045
2503 2907
5409 6805
5650 13614
557 701
1761 6922
1239 13887
2914 13553
786 6453
2828 3549
3407 3857
7922 10311
10886 11131
701 8074
7018 7757
715 2828
701 1833
721 3561
2497 7518
1 199
2685 6453
6427 6461
1 1673
7018 7333
297 1239
721 999
701 12261
174 11997
701 13443
701 14114
2685 5673
2548 10831
2917 6660
1325 1757
7 786
4000 4805
7018 10317
1239 10910
2828 3557
137 5441
3967 8709
702 1257
703 4716
701 12179
2551 7018
3336 5378
2856 5400
7066 10357
600 2828
1239 3828
286 3549
568 7018
2548 13998
5378 5551
2548 12097
114 2914
1239 11003
4628 6453
4000 6779
159 600
286 2516
2505 2907
6332 8151
6431 7018
6453 9430
721 745
11422 11537
132 7170
2501 2907
668 3561
701 10838
1239 5661
3300 7018
3307 5619
684 3602
45 293
1239 13445
3561 5696
2548 10994
196 1740
2548 11569
5673 7360
1239 2548
14 1785
2529 6461
3676 6122
5006 11812
7018 13371
1 10913
10828 14342
286 702
5650 7757
701 2379
6347 14082
5646 6325
701 12144
5549 8254
7018 13375
145 7377
2914 7922
37 3520
701 14127
701 10833
1746 3561
1239 2914
6201 7018
1740 7377
1239 5676
1740 9264
701 2711
1784 3549
702 2822
549 12093
297 1800
3303 8437
4736 4805
5378 5459
3303 8237
1239 7132
679 2686
4592 7018
702 3333
3356 6938
719 3336
103 2914
6453 7018
1239 7823
293 3671
6337 11268
577 803
2907 6453
3850 13765
226 4554
293 4544
2764 7543
6367 11233
87 7018
4511 11095
1849 3328
701 11971
1225 1325
1503 7170
702 6730
668 1673
6660 6779
2914 5413
702 5089
145 6200
1239 2572
174 701
1351 7018
145 513
174 13837
701 6381
2514 7515
145 195
293 14101
2914 3582
286 1755
1224 1225
701 8960
293 3506
5409 5430
8070 8071
114 7362
1239 13624
77 2548
701 6388
5459 8297
701 5977
5646 7018
1 32
701 3561
6401 6463
2548 11132
3452 6983
293 5006
5378 12701
1755 6461
1 13942
701 3585
3313 7176
2863 5413
577 701
2914 11737
5378 5432
7474 7475
701 12127
2856 5459
3561 5056
1275 5520
5683 12116
1239 10726
1741 2603
1755 1800
3333 8251
3561 13762
1103 1136
2119 8210
553 1270
702 1653
6453 6463
6347 8158
1755 5400
1 5737
1 8114
151 4637
3464 6388
1755 5377
1 6301
209 210
1239 3292
701 13954
5392 6664
701 11854
2516 3561
1759 5378
3561 10326
6332 11136
297 2914
174 10722
3786 6453
1257 5492
1729 3301
1239 4200
2033 4969
715 1239
440 721
293 3152
3300 8196
701 13419
1239 13815
2828 6259
2828 3840
7018 7462
3561 3662
701 14124
4000 5511
10827 13737
2828 6461
8218 8656
701 13812
293 1740
1680 6453
760 1853
701 3126
2914 4544
1849 5388
1872 7018
293 6200
3549 6259
3257 3333
701 4926
6467 6660
1237 3786
701 8000
2548 13380
3608 3976
600 1239
701 3491
701 11574
5568 8623
6307 7018
701 11908
3786 9525
701 8061
101 11827
3300 5620
6227 13553
1257 1755
1260 7170
701 6128
3951 8016
12163 13414
7170 7774
101 701
2518 4689
5409 6705
549 802
701 6197
1755 5551
701 7281
4565 8918
3741 7018
1 10553
1239 11508
1849 3257
3602 12021
1299 3307
1673 6461
3333 5413
4696 4703
1740 10455
3491 11403
145 6192
1239 10827
8651 8656
3561 6307
7018 10912
1221 6453
7018 10726
270 297
701 10334
1759 2603
2917 5459
6467 7333
2504 7501
701 7046
1755 2914
17 701
2513 2516
803 6509
1930 9010
1299 5459
1673 1800
701 11377
814 6327
293 6402
3549 12117
5646 6200
145 7610
293 693
1849 5378
2685 2686
32 2828
3561 10796
6461 7586
4058 6461
3356 14355
701 11595
1325 10884
11317 11537
2685 5678
2914 3914
4738 7474
1 3527
7018 13815
2685 5676
3561 3701
1849 5409
2685 5680
3356 4969
1899 5378
7501 7502
3259 8964
1239 2685
5408 8522
7018 10603
1239 6223
3561 3563
5378 5413
701 13793
2652 6463
145 5640
7018 13558
7018 13919
2513 3488
1239 11331
1239 4373
701 6938
7660 10764
701 4565
293 5696
7189 11079
8 4557
286 1136
5006 13367
2828 2914
5459 6805
1239 3749
209 11317
7539 10764
6453 8143
2551 2828
2548 11397
297 701
7018 13627
5696 6461
291 293
77 5723
7018 13572
1239 6225
7018 13552
701 11964
6509 10786
2828 5727
701 2712
1 2497
293 7539
701 6555
1673 2548
4600 11537
3951 13312
145 5511
7533 9505
1746 2828
6461 11919
2828 5671
11537 13504
3561 7015
3561 6503
1299 5401
145 3527
286 2914
701 11729
145 10886
5459 5669
6433 7018
5378 9027
701 3384
2914 7853
9058 11331
1275 8933
3320 5459
1740 11094
701 13593
701 715
1239 11010
3215 8874
1456 7170
3549 11418
103 5646
2603 5378
2914 6402
209 1239
80 701
701 8175
2603 6453
3479 10490
11317 11607
151 4628
33 3557
6259 11548
7018 13560
286 5459
1239 6580
1275 6878
4766 6453
701 13896
1755 6774
293 7170
1 1239
1800 5511
7472 7610
299 11422
1740 11955
159 3112
701 2828
701 5056
1890 3917
10490 11095
549 701
6172 13526
2548 11211
293 3257
701 13762
701 14150
6762 8761
701 6983
4694 7518
4 11422
1901 8387
3254 8192
701 13707
701 10625
1335 11563
2828 4200
517 12337
7713 11919
701 11992
568 1913
4766 9525
701 7355
5696 13455
239 549
1239 14298
7018 13343
1833 4200
2548 11163
7018 11741
2381 5646
3356 13380
523 7170
1239 5006
6320 8001
2516 2828
2767 7992
701 3549
2914 11826
137 9010
293 2917
33 2497
1653 2831
1239 10643
1239 6494
3549 8192
9 5050
1 6461
2497 2521
293 6453
701 2516
5409 8220
9010 11537
293 5409
286 2551
286 4200
1740 2568
1800 2497
816 11085
1740 11795
6988 7018
702 8404
701 7435
701 12196
1239 13578
1673 4200
3450 10490
145 11078
1239 7743
293 4000
4565 13532
217 5006
1 1800
2828 4908
5673 7657
127 297
1740 11078
5656 6347
8724 9058
4768 9432
701 702
1239 10899
5696 11268
1739 1741
701 10368
701 6597
2381 3128
37 3739
7018 11235
2914 7170
2551 13378
701 11527
286 701
209 11003
226 1740
293 2497
286 3304
4358 6081
701 7016
721 1460
701 6261
145 378
1239 1740
145 1249
1 10910
1239 3447
1755 6830
1290 1889
683 10764
2914 3257
101 1740
3967 7018
145 683
2828 7922
2548 11461
568 1239
3857 4323
293 2603
5690 11522
3300 8743
209 286
3549 11499
2828 4768
3491 5641
55 10466
2914 13462
271 6509
11423 11537
1239 10913
2914 5511
701 1755
701 5774
2548 6059
10466 11537
4565 10461
6347 13740
600 701
701 3967
2548 6223
701 1746
701 12199
2516 4459
209 2914
2548 12054
7018 10453
2914 2917
1 286
237 3561
721 1464
1 2548
1239 10911
1740 1800
1849 2686
7132 12007
2914 6453
2497 6461
3557 6461
2513 4729
701 11664
3561 11601
6198 12013
2914 5409
816 6327
2516 4725
7922 11426
701 10832
701 6660
2548 11104
3676 3677
7015 7018
7018 13578
2041 10754
3582 3701
1659 7018
2495 11317
7018 7743
286 2685
1740 10506
12 145
1 13681
7018 12223
2914 11233
701 1830
3561 10311
1239 4134
701 13378
2516 4732
6571 11106
3257 3561
5413 8251
1239 10825
101 8071
702 1103
3561 5078
7018 11516
701 12045
1564 1913
3561 6467
3561 10912
145 11422
701 10826
1280 3951
84 7170
2516 2521
7474 7476
852 3359
6411 7018
3561 4722
73 2914
145 11423
2497 4673
701 14290
8743 9212
701 10673
568 1800
701 13784
2548 4911
5673 14049
6059 11131
701 11035
175 7170
1755 5539
5400 6689
701 7015
5730 7018
1755 2607
701 5594
7260 11417
714 10911
854 11260
293 6172
1300 2200
174 2554
49 701
6735 8938
3209 6900
1239 8052
1239 13568
1740 11627
7922 10994
1239 13516
209 10726
293 3428
1239 11107
5436 6689
701 9010
2607 9187
2548 11226
1305 1713
3561 5743
701 13471
3259 3917
701 6386
18 145
701 6433
7922 11060
1 140
1103 6200
1755 8437
6993 7018
1740 13540
7535 9505
701 12062
1 11039
7018 12082
50 3450
1833 14011
1653 5378
1740 2914
7922 11955
71 701
83 7170
2828 4544
3967 8001
2497 2548
1239 10828
286 1836
1239 3850
1 12207
701 3803
7018 7853
38 293
3794 4557
10771 10821
4000 6897
600 3112
701 13375
3333 8608
3951 7018
701 13659
3333 5511
1 3292
145 225
1 70
1239 5674
1740 5727
2899 11252
1 6993
10913 11952
3561 11101
668 2914
3333 5378
145 2572
10796 12262
577 6453
1849 2529
2504 4730
1 4200
701 7893
852 1239
1833 3303
2828 5006
4200 6467
701 13887
5378 6719
4000 5583
2551 2914
701 10506
701 3360
1221 9650
701 7260
3561 11492
209 701
701 14154
3333 8918
7018 8143
1239 11400
1 11784
3857 7018
1239 7170
103 145
5409 6427
2914 6320
2516 7679
3561 8074
1239 3450
220 6137
701 10884
2914 6172
1785 11351
721 1455
145 11039
4673 7515
7018 8052
1590 1913
3549 11674
701 814
1890 5413
1939 2200
701 3479
11050 11060
145 11745
2015 6259
2914 4694
5607 6763
7018 11107
1 701
4969 6461
1653 2603
2497 2526
3549 11333
3404 3561
4134 4774
7018 14076
4600 6366
1239 3764
1 4010
3561 12179
3333 8651
701 3407
816 12021
6347 13770
3561 3932
3549 14095
293 6509
701 13445
5378 5409
174 8218
1 10827
2516 4761
1213 8933
701 10769
1239 5511
701 13312
2200 8933
1740 11030
1239 12097
2907 4730
2914 13626
2828 6200
1 13315
1767 3561
1239 6443
1 5723
701 11473
10546 11537
297 668
1239 13329
3292 8650
6453 6813
286 3914
1239 6453
1239 10994
6660 7922
1 226
701 2914
5056 10726
1 11499
702 6793
3967 6905
813 816
1239 3602
8319 9040
114 302
3333 7176
1785 7931
72 5551
2548 10383
2767 11522
5388 8220
3292 5459
286 1740
5459 8220
701 13983
151 4058
6509 8111
293 10702
1673 3951
32 8973
160 293
701 5727
1351 7843
2856 5378
2548 7908
5392 9026
3305 8527
5459 9057
7018 7170
3561 11589
1 189
209 6350
2548 11261
701 852
1136 3300
237 11537
26 1785
1 11104
1299 1849
5409 8610
2516 2914
3561 6755
1849 8297
293 7066
1239 2497
6509 10972
1 3749
3561 7018
1290 5413
1239 11317
1275 3561
2828 6402
174 13883
701 1982
701 13624
3561 8210
2496 11317
237 2828
1 6350
721 1452
1103 7170
701 12287
1755 5430
4511 6198
11279 11537
145 5723
701 5647
5696 6113
33 701
701 6227
8 114
104 209
302 4557
1849 3320
2767 11260
701 10680
8218 8355
174 8013
1 7430
701 11486
3300 6774
195 2641
3491 6079
701 11584
687 7170
3737 7018
12019 13952
1239 5050
2648 5743
1655 7170
6320 6461
7018 11937
7474 7569
81 11537
701 13703
2828 5696
2611 9010
1239 13454
2514 4694
701 7362
702 1755
3300 3304
7018 10994
852 6509
7908 10318
5551 5683
6301 7018
1740 2685
1852 5653
1755 5388
10466 11834
1 89
6453 7515
5459 6730
701 2853
701 2551
1 7021
701 7515
3333 5400
6922 7290
2685 5674
2520 2907
3305 8964
2510 12274
1 11839
1 7193
1103 6453
3681 6198
559 701
2917 5511
3561 6081
701 10603
1239 1767
1239 13638
70 145
293 4323
7018 13346
84 3739
7037 11990
8001 10910
151 4657
3549 5430
3561 13419
1 1236
3840 4740
701 5486
8251 8918
7018 11090
2548 10828
2572 3390
1273 3300
3333 9057
3766 6463
297 2497
701 3680
293 5650
5388 5459
1239 6172
3356 3703
701 14219
2018 11569
2386 7018
1239 3912
2055 13504
27 10886
7474 9313
43 293
1 3303
3951 8114
1239 4694
4323 11427
5006 11101
10680 11537
195 293
286 668
1653 2842
6755 7018
293 377
200 6360
293 10764
2914 6993
2516 4703
701 10827
2828 7170
1 5006
3493 6407
2914 7911
701 14315
3388 3912
3599 7018
2497 3320
2707 3561
13 213
2914 6467
3561 11857
11891 13329
683 2828
701 11813
681 4648
1853 6720
1 11674
293 6079
701 12151
5650 6410
1 33
7018 11427
2828 3257
2518 7515
2828 3066
293 3847
2914 11424
5673 6411
701 6544
3803 6079
2914 11808
3561 11906
11473 11530
1763 7018
286 7170
1334 3388
2497 2527
209 1740
3259 8999
6494 13636
701 12184
7018 12099
376 6509
1241 3561
1 200
701 13432
701 2685
174 293
1299 2603
2828 5511
5006 12042
5673 5774
2914 8070
3292 5413
701 6507
1239 11359
701 705
1849 5607
2521 9362
2828 2917
3112 11537
3561 11778
701 816
2856 8435
1299 3301
701 6912
6164 7018
1239 11690
188 293
2828 6453
3561 11853
701 2140
1 1740
701 10437
2828 5409
293 3320
2498 2907
174 12238
10851 11354
3561 8043
4648 9325
5409 8196
1755 2603
46 145
1239 1785
1746 7018
1 8959
145 10466
2548 6453
2914 5650
3549 6453
3561 4565
38 1224
702 3917
2856 9057
1239 2899
31 11422
6509 10764
715 3557
50 293
1221 4742
1757 7018
1239 5786
1849 5669
4694 7501
2686 5409
3561 8143
1239 5678
226 5676
4550 11937
5006 6924
11537 13796
701 5646
7018 12270
5378 9026
1239 6226
8495 8793
1 10911
5384 8959
1239 7843
10437 10490
1249 3561
2914 6079
701 11010
3300 5539
145 3152
286 4553
2497 4716
1800 3561
2548 13335
701 7018
5739 11423
68 293
3951 4553
7018 10910
701 8210
1239 10461
1 174
1852 6192
1556 1913
145 10490
5378 8761
2497 2500
286 2497
7212 11537
5727 7474
701 13599
5430 8469
5409 6735
1273 1755
701 8047
2828 3563
701 10571
2497 3951
701 2150
2516 7518
293 3561
701 4544
2500 4730
2914 3320
1580 1913
702 1267
3328 5459
2701 11317
7474 7571
7922 13560
5459 8938
6259 12097
293 6113
776 2200
2497 2915
1 13708
1 5696
8251 9057
1239 7066
29 145
7260 10656
145 1312
217 293
4000 6719
4130 5050
701 14298
400 721
5650 6188
3305 5594
854 8111
7018 14153
701 14082
1 7192
48 5058
1239 4231
1239 12156
6719 6730
7018 11397
3561 11426
2513 7660
292 293
145 693
701 10453
701 1225
1239 6993
2497 5669
1 668
2200 2418
786 8933
3303 12511
1942 2063
2828 6172
1239 6467
2914 13636
140 701
3333 5583
1221 4740
701 13830
1239 2529
5430 8950
1755 5588
293 3951
3328 6716
2828 4694
1103 3333
6443 7018
2917 12645
701 1673
7018 13436
7922 11351
701 12223
1755 9057
6263 11317
2495 2701
1103 6509
5400 9057
7018 14299
4000 5378
7290 7911
701 13976
209 3450
1 3404
1239 11424
7018 11268
1 14045
2500 2506
1270 6805
22 7170
7018 12271
1239 6224
2534 3549
237 2914
101 11808
1 11417
27 2548
2764 7474
701 6437
7018 13641
7018 11919
20 11537
297 1263
5409 8469
1239 8070
1 7170
701 1740
5378 8271
1 3450
3840 4433
1673 6172
2914 3561
1 6201
2905 6187
5078 8036
7018 11560
1257 2603
7757 7922
2914 7806
715 6461
2493 11290
1755 2686
2914 6113
145 7539
3300 6762
3561 11060
3561 12274
3608 7623
293 1275
1740 2855
174 721
2497 5696
1 3257
5432 5459
815 6327
1755 3333
2914 7774
3257 5392
1 4648
1 11148
1239 5650
1968 7018
5430 12503
7018 12156
701 10913
3561 11955
1746 2532
293 1103
209 6453
549 6509
114 5707
8196 8918
3561 11707
1800 5696
5669 6461
701 11319
8365 8793
2900 5696
52 3561
10508 11317
1755 6730
3680 7018
701 1760
2611 5413
5400 6730
145 11872
701 13894
209 12233
705 1890
815 816
3561 3967
7176 8612
2497 2519
2510 7515
1 6453
679 1853
766 8933
2907 8933
2914 3951
145 7170
1740 1832
2918 7018
5653 11423
1 8918
701 14143
7911 11354
1225 13997
701 10825
2685 2687
3561 11895
1239 11104
1706 11537
2914 10514
145 7050
4682 4700
174 6122
777 1309
3407 4323
11359 11662
5727 7018
3320 3333
209 11990
701 8143
701 14037
145 10755
5646 6402
286 2548
3561 7037
701 13942
7018 10656
6664 6762
3561 7757
174 3561
1275 9010
2914 5669
3292 5556
1 10719
701 3300
2686 3333
1239 3320
7915 8047
683 2914
702 705
816 6401
286 3333
2497 2554
131 11422
2497 3257
7016 7922
702 3228
5549 8938
3602 5690
1257 1800
3999 5050
577 3561
701 5737
701 6301
293 3354
1 48
385 400
3561 14155
7018 7922
1755 2529
701 14205
2516 4702
1 12079
1 625
149 7170
2500 7660
2899 10702
6747 6851
1239 2379
701 11826
1239 11812
5400 6669
2914 11874
111 145
2853 5515
7066 11279
7018 10722
1 7176
701 3850
1334 1673
3561 6259
4740 7474
1850 6453
3352 5409
1239 2711
3561 6461
7046 7360
701 12237
3557 6453
5413 5551
293 568
2548 7291
1103 10764
1273 5459
4358 5646
286 293
5409 5594
3491 6261
174 1673
701 14034
293 2828
2060 2200
2914 5696
2497 4000
5072 6402
8079 14153
7018 12261
1 86
1740 2497
293 3426
701 1832
3300 5378
2828 7911
7018 9329
6356 6381
4628 4774
145 2603
2828 6467
5378 8404
3333 6805
1239 10771
8251 12394
7018 10477
1239 4637
701 10553
701 13586
4628 4657
7018 11351
2914 11964
1225 2914
3561 4761
88 2914
1 12228
293 3356
3737 6347
209 13661
1239 3561
4557 7276
1 6172
145 5050
701 10831
1755 1853
5413 5459
5427 8938
6401 6453
4768 9433
2548 12041
1850 2603
1221 2764
721 1503
1740 5050
5683 10660
6347 6411
6201 6453
7015 7922
1299 1833
2500 2516
2548 10424
3561 11423
3561 3828
293 3429
6453 8160
2548 6224
701 3557
5666 5683
7018 11231
701 11214
101 7774
1890 3333
6342 11172
7922 8052
701 12097
8012 10910
701 14067
701 11094
81 6250
577 5690
2856 3561
3354 6922
1117 1853
690 701
2548 4323
3493 8160
1239 11854
6830 8209
762 3356
701 10431
7018 11563
2497 3563
3669 5646
3585 7018
513 789
3356 9057
2828 5650
5430 5459
1239 8119
3561 7526
271 577
701 8918
668 1239
2504 2907
3215 5511
701 11233
701 12274
1239 3951
701 7029
701 5106
293 6261
1239 5769
3561 6813
3914 11101
394 721
1225 6164
701 7261
2914 3066
7018 11134
701 13614
701 6410
1239 10514
715 11076
2 5696
286 1899
816 6407
4780 7535
5671 5673
1740 6172
6453 12246
1239 3463
114 7276
2553 6912
1 10725
1239 3491
2516 6453
12179 14067
3407 3561
1 11354
1740 4694
1113 1853
701 12246
2150 5673
2828 6079
701 2497
1239 6128
5650 11588
3215 4000
2529 5417
209 13967
5673 13526
701 6431
2828 3847
3561 11418
293 1746
3257 7018
7018 13391
297 3561
46 701
7539 9264
1239 13379
145 1201
293 3563
1852 6106
209 7843
378 2828
11955 12262
3561 13624
1239 10334
1742 7018
6830 9057
293 6660
3599 7260
145 4557
3561 12287
4682 4722
2041 2828
5401 5409
1653 5601
286 517
5378 8319
2603 8933
2914 4000
6350 11039
5409 8650
5401 8918
701 11132
701 14279
1239 6367
1330 1657
1800 3336
5727 6905
668 1800
702 1759
1239 6762
7660 9355
701 11795
2497 4704
2828 3320
3356 10461
234 2914
271 7189
1849 5089
5568 12448
3561 10726
5408 8933
145 3685
2914 11363
701 13393
1 8750
32 11423
701 1239
8466 11042
209 293
5409 5459
701 11829
1290 5459
7018 13812
2915 5727
5673 11099
174 2828
1273 5413
2914 6261
48 13708
144 7018
3794 6922
4544 7911
7018 14149
2497 7501
3951 6350
701 6385
1239 5696
3561 4200
6763 11341
1 293
1239 4540
18 3354
2914 6082
6327 6453
701 12010
209 12207
7018 11902
10912 13830
1719 2200
2497 2510
3582 4600
104 145
701 13576
293 3786
5424 8918
6128 13554
145 6509
6805 8387
4323 13690
2914 3701
7018 10911
1938 2200
3847 6259
5737 10878
3429 4729
3066 6461
701 6461
559 8933
701 4694
2685 3561
2914 3563
555 3561
1 297
2572 7018
701 13380
1 11573
1239 11403
6755 9121
701 6347
7018 12039
6922 7291
1835 2603
7896 11317
8263 8342
1667 6805
4713 7515
702 3300
701 1800
3561 4908
2828 4637
6347 6571
3259 12645
1239 3404
1740 13436
5515 6453
293 600
1239 14329
2828 3561
702 1270
1 6467
1755 5607
702 5556
145 293
5459 8709
701 8136
1 5691
1290 8355
48 7170
2548 3561
7294 7911
3360 5641
1833 3561
702 6747
4657 7473
1 12025
3549 3561
145 3388
701 12128
4768 9431
10994 65105
209 11106
701 10910
1 11146
3561 11499
701 12117
3300 3333
1746 2914
701 11548
513 8933
2521 2554
295 6350
2527 4774
1239 2828
565 1741
145 5739
297 1843
1304 2200
2914 3677
3561 6250
7018 14113
7922 11427
286 3561
1239 14036
1740 11560
4200 11383
1 11145
701 7131
145 297
701 11690
1213 9010
5413 9027
5459 5594
2914 6481
1239 10609
1755 5669
209 2901
1239 4648
1673 3561
1889 3300
2516 4673
1 144
715 3561
2553 3447
2506 2523
2611 8918
3561 6507
1239 13707
701 1785
701 13532
2518 4694
8469 8918
1673 6113
293 3407
4200 11764
145 13326
174 1755
2828 3951
4969 5641
1221 9313
11293 11423
701 12197
1759 5413
3561 12015
3292 3333
7586 7657
701 2548
7018 12281
2516 7501
1 10487
89 7170
1 5650
145 7081
1849 2830
2917 8908
2767 7018
4565 7657
2828 5693
2828 3491
1239 2516
3292 6730
4000 8335
3561 13343
701 6380
1239 4550
715 13442
7018 14045
701 7843
1239 4000
3561 11351
145 2552
378 9010
3356 11213
428 2966
8220 9126
3328 5378
3701 6366
2497 4774
3561 11277
2548 6128
2828 5669
5006 7792
4716 7514
1589 1913
2685 5681
7018 11400
701 7792
293 1842
701 11349
6410 7018
7474 7570
378 8933
701 7042
568 724
701 14299
1239 6597
3951 6995
1 3847
701 11418
286 3491
701 10461
701 8182
1 1833
701 11997
3561 13359
1239 11527
701 6091
701 12271
293 297
297 2828
3403 6082
2500 2501
1305 2200
3561 13992
286 2041
497 721
4682 4689
1 12179
1334 3912
1 8938
1239 6082
3333 8209
3661 3662
701 6071
1 1691
2767 12021
1717 2200
2914 3407
1800 2551
1832 11537
145 10764
71 7018
1829 2901
3561 4293
701 13765
1849 5413
3561 8047
7018 13888
1 4911
701 11255
3561 4544
2548 13758
5378 6660
1849 2856
1239 1755
1453 7170
701 4286
7018 10947
701 11211
1239 1746
10911 13359
1755 5578
2914 5089
174 1290
3932 7018
293 6716
1239 3563
3561 11252
701 13625
131 1852
1239 7997
1 11015
701 11030
1239 11530
1239 3742
5459 5551
6461 6555
13488 13641
701 6993
7925 13661
286 790
1239 10832
1239 8079
88 1740
1 12013
701 4200
4000 4689
3561 5006
701 11163
6172 6411
702 2603
2905 2914
293 2551
5594 9121
3561 3703
701 13321
6347 14315
668 5872
5676 7012
111 701
2553 11095
3491 3932
286 5696
701 11784
701 12025
1221 3561
3333 8220
4722 4725
701 10788
2497 3847
4200 7018
1 71
701 4592
1239 1790
1299 6793
1309 1717
1653 2841
4129 7018
7018 12069
6669 8903
6453 8070
701 13588
1998 5006
209 3561
293 6427
1239 6922
1322 1673
1239 10770
701 11981
701 13837
3356 3561
1239 5594
13445 14095
701 8070
2685 2828
3561 3914
10913 13953
38 5646
196 7018
701 13952
702 9055
2500 9367
3452 10490
2500 2907
1849 6725
74 3766
701 13360
6453 9505
1 8113
2381 3136
1 7386
2914 7473
1 3561
701 8012
4540 7037
7377 11422
7922 12271
1653 2839
5727 7131
2495 2496
7543 7657
2200 2259
1833 3209
2548 13896
145 3676
2529 3967
4010 5650
2647 7176
7018 10851
2914 6716
1653 2837
2548 2828
549 808
5384 8960
174 2914
2917 5436
286 1891
209 3951
7018 13642
568 721
1 11854
286 568
209 6995
701 6223
3561 10911
209 10721
701 12054
2828 3356
2711 8175
5078 7294
209 14047
8297 8743
6470 7018
3561 7853
6763 9212
6730 8404
1299 1755
701 14506
702 5400
701 11213
1239 11354
1220 3549
145 3128
2603 8210
4694 4704
702 5377
3739 5324
2513 9355
4766 7018
6453 8297
1 6995
6371 6471
1 3126
3 145
2828 4550
6461 10368
2914 10487
2914 6427
701 14039
5568 6453
613 1239
1 5693
701 6225
2914 11903
38 1225
6347 11235
2510 4694
701 10477
700 1740
701 11952
1257 2120
224 2603
6453 13537
577 684
701 7430
701 815
701 4911
1103 5594
701 11737
2497 3561
5378 5427
293 5646
7018 12068
553 1275
701 1744
114 293
2548 11363
88 145
145 1224
160 5646
5673 11829
25 11423
1273 5409
2551 3561
2828 6261
5727 7473
7939 32774
1836 8404
5400 6870
816 3602
3561 11712
81 1239
5378 5392
568 3561
6853 8269
701 11588
7018 11154
10490 12173
701 11891
3602 6327
4926 10318
1740 8119
2828 6082
3561 5556
293 7018
2607 5578
6347 6463
702 1890
701 11910
1103 8933
701 11839
701 13534
803 1239
5413 8608
226 293
5089 5459
3685 11537
2548 12048
4000 8269
852 6327
2828 3967
1136 8209
2548 10796
2914 12179
5568 8730
298 7170
1239 13399
613 6347
1323 1673
145 194
2497 7531
2914 3932
1 11853
577 11085
577 2652
701 14063
1239 7189
7018 14005
3951 10719
1755 3336
10838 11563
103 293
701 6198
701 9269
6461 11414
6730 12511
702 9035
2855 5400
2828 6660
1760 4544
6859 9057
2516 2527
229 237
7018 7914
6082 13642
3292 3561
1 4565
1226 3561
293 6406
577 854
4200 11042
852 1691
4742 7474
2548 8079
701 4637
145 160
7050 11537
5594 8999
286 1746
174 10441
2497 4713
