32 14
100 34
64 53
6 120
61 56
54 37
73 1
99 122
23 95
15 35
43 45
73 25
43 47
3 10
87 82
7 118
73 26
134 66
52 68
20 34
96 59
13 17
55 42
6 119
63 130
20 135
116 107
9 119
99 93
59 97
36 53
76 123
88 80
4 31
93 119
8 118
14 15
90 123
125 65
12 7
11 9
33 69
98 119
139 130
1 10
99 75
77 78
11 27
0 8
104 2
69 50
36 59
1 27
85 91
10 88
127 130
56 39
58 66
86 78
33 59
4 10
32 36
38 40
134 57
8 119
44 67
4 109
124 74
128 127
33 37
45 66
12 6
128 139
63 129
36 49
87 89
91 76
57 39
86 79
92 76
89 7
89 82
26 107
1 111
6 97
32 37
81 79
123 131
0 4
96 98
18 21
106 57
8 59
60 63
55 44
61 46
60 33
99 94
0 7
43 46
55 58
83 84
60 62
33 103
104 10
10 116
43 39
36 54
53 140
42 56
36 52
18 23
11 24
12 9
17 33
61 57
9 118
52 53
23 93
81 8
53 138
17 14
89 6
75 66
24 107
91 123
50 139
121 59
3 11
45 57
0 6
1 110
97 120
8 97
120 93
21 19
125 69
44 56
2 111
96 95
94 97
37 21
43 40
1 105
51 49
10 113
99 119
38 39
73 6
10 57
124 132
73 74
91 124
22 94
92 124
57 66
63 69
85 84
89 9
42 67
52 49
59 128
33 101
81 7
61 42
56 41
76 84
123 59
84 124
54 63
0 9
123 20
59 94
90 84
51 54
123 124
54 62
12 2
33 34
96 97
97 9
11 8
98 93
60 65
73 9
57 41
100 14
64 129
23 94
37 15
97 133
44 66
32 34
59 133
81 6
85 92
36 15
134 58
79 88
136 53
22 93
120 57
104 105
96 99
98 75
103 50
75 120
123 97
38 42
13 15
43 41
77 10
51 53
42 57
83 85
50 64
60 64
37 63
59 93
0 5
16 15
10 115
33 97
67 46
86 10
4 111
66 39
91 74
48 49
75 21
0 2
1 30
81 9
33 63
126 127
40 66
50 140
55 56
21 131
43 44
92 123
61 58
11 25
13 14
11 26
73 2
50 138
38 41
13 16
69 53
123 74
64 130
73 24
63 102
16 14
90 76
98 94
54 65
3 12
25 107
59 41
33 102
20 66
100 59
51 15
10 114
65 102
10 117
11 31
93 122
14 20
10 58
1 31
42 66
88 78
11 29
98 122
15 34
136 137
87 88
36 60
81 82
85 90
104 4
2 30
43 42
101 59
10 118
54 64
124 94
52 50
40 57
47 66
56 106
32 35
89 8
51 52
7 119
72 71
77 80
79 82
104 1
6 59
37 65
70 71
0 3
73 66
17 34
18 19
60 37
1 109
86 80
76 59
16 32
33 68
73 75
59 120
21 135
11 28
33 100
76 124
7 59
73 8
1 28
77 79
90 124
45 67
123 132
125 63
66 41
55 46
96 19
126 128
55 39
124 21
59 21
64 140
4 28
18 22
55 57
11 30
47 57
11 7
22 95
20 120
76 97
1 108
69 102
60 52
2 10
121 93
48 50
33 14
73 4
59 9
2 109
7 97
2 27
65 64
0 1
103 137
6 118
4 30
12 8
53 139
73 7
1 112
120 119
52 69
20 21
124 133
18 20
73 76
136 50
