0 9
39 35
61 15
0 4
27 22
40 28
70 8
10 34
21 24
66 8
45 77
52 24
12 15
11 16
2 17
9 34
5 46
45 76
40 43
17 8
0 1
72 29
11 15
34 6
30 31
62 15
72 25
59 15
0 10
20 22
7 5
58 51
8 19
27 38
40 46
77 83
21 29
65 81
40 36
73 82
57 45
56 68
20 23
71 8
69 73
0 3
21 25
63 65
23 22
84 85
57 58
29 26
27 35
60 13
66 44
57 43
23 35
29 54
30 8
8 18
12 48
13 55
40 42
27 39
6 78
32 3
21 28
3 42
12 14
9 19
52 54
9 4
69 72
1 6
64 65
11 13
32 33
0 5
10 1
43 76
53 24
35 42
81 47
34 4
7 6
5 18
86 46
3 19
0 8
59 55
25 82
31 47
1 19
0 6
52 35
36 42
3 80
2 19
57 8
36 41
71 45
59 60
12 49
70 45
29 82
11 12
27 36
10 12
40 44
7 19
79 28
40 41
23 39
0 7
74 8
79 82
3 18
66 58
0 2
43 77
40 45
22 84
32 31
12 39
44 75
11 14
66 43
56 69
2 18
30 32
79 29
41 42
78 5
40 37
21 27
34 5
37 42
56 67
60 61
79 25
27 23
43 75
7 18
62 16
53 55
21 26
52 53
54 26
1 4
63 64
33 47
39 3
41 37
8 46
65 80
30 33
20 21
53 56
50 51
27 37
72 79
