11 24
46 52
134 120
62 1
134 133
14 15
21 145
53 54
113 119
71 33
23 12
52 72
25 133
90 93
41 5
18 154
159 39
80 99
4 5
8 53
113 117
142 139
134 77
62 68
62 34
1 139
148 52
46 51
0 3
24 127
19 22
66 27
45 38
113 24
113 116
46 50
1 137
59 38
138 47
102 104
74 72
74 75
71 51
24 133
51 101
50 101
61 6
93 131
63 71
62 69
1 136
108 109
109 117
0 2
92 93
31 33
109 24
93 126
45 48
10 25
7 10
40 5
1 69
52 77
93 98
51 72
92 95
88 18
70 18
3 140
159 69
89 18
1 126
95 80
134 72
94 80
53 25
139 5
102 103
109 25
134 143
138 61
55 52
67 1
109 122
74 77
25 33
80 125
9 10
29 39
1 76
113 120
93 130
61 33
78 17
134 114
9 11
25 52
80 124
63 73
64 66
24 145
145 25
26 27
87 88
62 65
21 158
59 63
63 1
128 33
143 25
59 62
1 138
104 77
90 18
97 84
91 84
45 36
38 157
134 84
0 1
134 121
29 30
24 143
78 18
25 51
43 44
138 38
80 18
113 118
57 58
25 84
71 52
82 17
63 30
1 6
13 15
81 17
45 30
100 101
67 5
22 15
128 51
122 101
67 66
34 61
1 34
82 18
87 90
1 140
138 52
117 25
71 50
126 136
75 160
65 28
64 1
1 32
63 5
3 6
63 66
36 33
19 11
147 101
155 139
35 75
86 84
135 50
138 51
60 138
59 47
1 75
52 39
62 52
1 33
111 17
31 98
29 35
59 60
85 84
18 58
113 114
159 72
67 65
10 134
83 84
150 6
18 153
4 6
1 141
68 28
1 52
88 99
117 133
9 12
93 17
115 24
42 5
88 93
132 54
64 5
61 2
111 18
89 93
106 115
113 84
63 65
60 34
110 106
19 20
45 39
1 51
67 68
74 1
1 37
13 14
3 52
92 94
80 123
23 22
2 6
33 39
128 52
19 21
29 34
36 1
31 1
52 2
33 157
20 15
25 50
51 39
50 39
26 28
74 68
135 136
52 69
63 34
74 24
29 32
5 160
80 31
60 75
21 25
29 38
134 39
138 156
115 127
43 17
64 65
128 129
79 80
113 115
74 69
24 84
63 69
12 25
74 5
45 46
80 30
151 6
29 33
49 1
116 144
33 101
30 1
63 72
43 18
96 84
16 17
37 52
95 98
117 134
61 139
134 116
45 47
137 61
11 15
138 50
87 89
113 25
12 15
74 76
62 66
109 115
71 61
132 134
16 18
1 71
37 51
29 37
108 101
37 50
134 69
98 129
121 25
118 146
111 112
61 136
24 144
106 117
7 9
74 39
132 133
7 8
45 37
113 121
74 65
61 69
31 37
87 80
48 33
107 15
74 61
1 50
17 153
30 126
30 47
152 52
29 31
52 101
93 73
59 61
67 3
29 36
56 17
105 106
143 149
